24
(0, 'arrival', 497, 300, 300, 300, 300, 200, 300, 200, 300, 200, 256, 256, 384, 128, 384, 384, 128, 128, 256)
(5, 'arrival', 501, 200, 300, 100, 200, 200, 100, 100, 200, 100, 128, 128, 256, 384, 384, 384, 384, 128, 384)
(10, 'departure', 501)
(15, 'departure', 497)
(20, 'arrival', 493, 300, 300, 200, 300, 200, 100, 200, 300, 300, 384, 256, 384, 384, 256, 384, 128, 256, 384)
(25, 'arrival', 499, 300, 100, 100, 200, 100, 100, 100, 100, 300, 128, 256, 384, 384, 128, 384, 384, 384, 256)
(30, 'arrival', 503, 300, 200, 100, 200, 200, 300, 100, 200, 300, 256, 256, 128, 128, 256, 256, 256, 256, 128)
(35, 'arrival', 496, 300, 300, 200, 300, 300, 200, 100, 200, 200, 384, 384, 384, 384, 256, 384, 384, 256, 256)
(40, 'arrival', 502, 100, 300, 200, 100, 100, 300, 200, 100, 100, 384, 256, 128, 128, 256, 128, 384, 128, 128)
(45, 'arrival', 492, 100, 300, 100, 100, 100, 300, 200, 100, 300, 128, 384, 128, 384, 128, 128, 128, 128, 256)
(50, 'arrival', 494, 100, 300, 100, 100, 100, 200, 300, 300, 300, 128, 128, 256, 256, 384, 128, 256, 384, 384)
(55, 'departure', 503)
(60, 'arrival', 500, 100, 300, 200, 300, 100, 200, 100, 300, 100, 128, 256, 384, 128, 384, 256, 256, 384, 256)
(65, 'departure', 493)
(70, 'arrival', 495, 300, 300, 300, 100, 200, 200, 200, 300, 300, 128, 256, 384, 128, 384, 256, 128, 384, 384)
(75, 'arrival', 498, 300, 100, 300, 100, 200, 300, 100, 300, 100, 128, 256, 256, 384, 128, 256, 256, 128, 256)
(80, 'departure', 494)
(85, 'departure', 495)
(90, 'departure', 498)
(95, 'departure', 500)
(100, 'departure', 499)
(105, 'departure', 496)
(110, 'departure', 502)
(115, 'departure', 492)
