24
(0, 'arrival', 156, 100, 100, 200, 200, 200, 200, 300, 200, 200, 384, 128, 128, 256, 256, 384, 384, 128, 256)
(5, 'arrival', 159, 100, 300, 300, 200, 100, 100, 300, 100, 200, 384, 384, 128, 128, 256, 384, 256, 256, 128)
(10, 'arrival', 163, 100, 300, 100, 300, 200, 100, 200, 100, 200, 128, 256, 128, 384, 384, 384, 256, 128, 256)
(15, 'departure', 163)
(20, 'arrival', 166, 100, 100, 200, 100, 100, 300, 100, 200, 100, 384, 128, 384, 384, 384, 128, 384, 384, 384)
(25, 'arrival', 162, 300, 300, 200, 300, 200, 200, 300, 200, 100, 256, 384, 384, 256, 128, 384, 256, 128, 384)
(30, 'arrival', 161, 100, 300, 100, 100, 100, 100, 200, 100, 300, 256, 256, 256, 256, 128, 256, 128, 128, 256)
(35, 'arrival', 158, 100, 100, 100, 300, 300, 100, 100, 300, 200, 384, 384, 256, 384, 256, 128, 256, 128, 128)
(40, 'arrival', 160, 300, 200, 100, 100, 300, 200, 200, 200, 300, 256, 256, 128, 384, 256, 384, 256, 256, 128)
(45, 'arrival', 164, 100, 100, 200, 200, 100, 100, 300, 200, 300, 128, 128, 128, 128, 384, 384, 256, 384, 384)
(50, 'arrival', 167, 100, 100, 300, 300, 200, 100, 300, 100, 100, 128, 256, 128, 128, 128, 384, 256, 128, 128)
(55, 'arrival', 157, 300, 100, 300, 300, 200, 300, 200, 100, 100, 256, 256, 256, 384, 256, 256, 256, 384, 128)
(60, 'departure', 162)
(65, 'arrival', 165, 100, 200, 200, 300, 200, 200, 300, 100, 300, 256, 128, 384, 128, 256, 256, 256, 384, 128)
(70, 'departure', 160)
(75, 'departure', 161)
(80, 'departure', 166)
(85, 'departure', 164)
(90, 'departure', 159)
(95, 'departure', 158)
(100, 'departure', 167)
(105, 'departure', 157)
(110, 'departure', 165)
(115, 'departure', 156)
