24
(0, 'arrival', 349, 300, 300, 300, 100, 300, 200, 300, 300, 300, 384, 384, 256, 128, 384, 384, 384, 256, 384)
(5, 'arrival', 357, 300, 200, 300, 300, 100, 100, 100, 300, 100, 256, 256, 128, 128, 384, 128, 384, 256, 128)
(10, 'arrival', 352, 200, 300, 100, 200, 200, 300, 300, 300, 300, 384, 256, 128, 384, 128, 128, 128, 384, 384)
(15, 'arrival', 358, 300, 100, 100, 100, 200, 300, 200, 300, 100, 128, 384, 128, 384, 384, 128, 128, 384, 384)
(20, 'departure', 357)
(25, 'arrival', 359, 200, 200, 100, 200, 300, 100, 300, 100, 200, 384, 128, 384, 384, 256, 256, 256, 128, 384)
(30, 'arrival', 350, 300, 300, 100, 300, 300, 300, 200, 300, 100, 384, 384, 128, 128, 384, 256, 256, 384, 384)
(35, 'departure', 352)
(40, 'arrival', 354, 300, 300, 100, 300, 200, 200, 300, 300, 200, 256, 384, 384, 128, 128, 384, 384, 384, 384)
(45, 'arrival', 355, 100, 100, 200, 300, 100, 200, 300, 200, 200, 384, 384, 256, 384, 128, 128, 384, 256, 384)
(50, 'arrival', 356, 100, 100, 200, 300, 200, 200, 300, 200, 100, 128, 384, 128, 128, 384, 256, 256, 128, 384)
(55, 'arrival', 353, 200, 200, 100, 100, 200, 200, 200, 100, 300, 128, 128, 384, 384, 256, 256, 128, 256, 256)
(60, 'arrival', 351, 200, 100, 200, 200, 300, 200, 300, 200, 200, 256, 384, 384, 128, 128, 128, 256, 128, 256)
(65, 'arrival', 348, 200, 200, 300, 100, 200, 100, 100, 300, 100, 256, 384, 128, 384, 384, 384, 384, 256, 256)
(70, 'departure', 355)
(75, 'departure', 359)
(80, 'departure', 356)
(85, 'departure', 349)
(90, 'departure', 358)
(95, 'departure', 354)
(100, 'departure', 353)
(105, 'departure', 348)
(110, 'departure', 351)
(115, 'departure', 350)
