24
(0, 'arrival', 116, 100, 300, 200, 100, 100, 100, 300, 200, 100, 128, 256, 128, 384, 256, 384, 128, 128, 128)
(5, 'departure', 116)
(10, 'arrival', 117, 100, 300, 200, 200, 300, 200, 300, 300, 100, 256, 256, 128, 256, 256, 128, 128, 128, 128)
(15, 'arrival', 118, 300, 300, 300, 100, 100, 100, 200, 200, 300, 128, 384, 384, 384, 128, 256, 384, 128, 384)
(20, 'arrival', 115, 100, 100, 300, 200, 100, 200, 300, 100, 200, 128, 384, 128, 384, 384, 256, 128, 384, 256)
(25, 'arrival', 113, 300, 300, 100, 300, 300, 200, 200, 300, 300, 128, 128, 256, 128, 128, 384, 128, 256, 128)
(30, 'arrival', 111, 100, 200, 300, 100, 300, 200, 300, 100, 100, 128, 384, 256, 384, 128, 384, 256, 256, 256)
(35, 'arrival', 108, 200, 200, 200, 300, 200, 100, 200, 100, 100, 384, 128, 128, 128, 128, 256, 384, 128, 384)
(40, 'arrival', 112, 200, 200, 300, 300, 200, 200, 200, 100, 200, 384, 128, 256, 384, 256, 256, 128, 256, 384)
(45, 'arrival', 119, 100, 300, 100, 100, 300, 100, 100, 200, 100, 384, 128, 384, 128, 256, 256, 256, 384, 256)
(50, 'arrival', 114, 200, 300, 200, 200, 100, 300, 200, 100, 100, 256, 128, 384, 256, 384, 256, 128, 384, 128)
(55, 'departure', 113)
(60, 'departure', 115)
(65, 'departure', 118)
(70, 'arrival', 110, 300, 200, 300, 200, 200, 100, 100, 100, 300, 256, 128, 256, 128, 128, 384, 384, 384, 384)
(75, 'departure', 112)
(80, 'arrival', 109, 300, 100, 300, 300, 100, 100, 100, 300, 100, 256, 128, 384, 384, 384, 384, 128, 128, 256)
(85, 'departure', 119)
(90, 'departure', 111)
(95, 'departure', 117)
(100, 'departure', 109)
(105, 'departure', 108)
(110, 'departure', 114)
(115, 'departure', 110)
