24
(0, 'arrival', 662, 100, 300, 100, 200, 100, 200, 200, 300, 100, 384, 128, 128, 128, 128, 256, 128, 384, 128)
(5, 'arrival', 671, 300, 200, 200, 300, 300, 100, 200, 200, 200, 384, 384, 128, 128, 256, 128, 128, 256, 128)
(10, 'arrival', 669, 100, 100, 200, 100, 300, 200, 300, 300, 300, 128, 384, 128, 256, 384, 384, 384, 384, 384)
(15, 'arrival', 667, 100, 100, 200, 300, 100, 300, 300, 300, 200, 384, 256, 384, 256, 128, 384, 384, 256, 384)
(20, 'arrival', 660, 100, 100, 200, 300, 100, 300, 200, 300, 300, 384, 256, 256, 128, 128, 256, 128, 256, 384)
(25, 'arrival', 663, 200, 100, 300, 200, 200, 100, 300, 200, 300, 256, 384, 384, 256, 384, 256, 128, 128, 384)
(30, 'arrival', 661, 100, 200, 300, 100, 200, 300, 100, 300, 200, 384, 256, 256, 128, 128, 128, 256, 128, 256)
(35, 'departure', 663)
(40, 'arrival', 670, 200, 100, 200, 200, 300, 100, 200, 200, 300, 128, 384, 128, 384, 128, 384, 128, 128, 128)
(45, 'departure', 661)
(50, 'arrival', 668, 300, 200, 300, 200, 200, 300, 200, 100, 100, 384, 128, 384, 384, 128, 384, 256, 256, 256)
(55, 'arrival', 664, 100, 300, 100, 200, 100, 200, 300, 200, 300, 128, 384, 384, 128, 256, 384, 256, 128, 384)
(60, 'arrival', 665, 300, 200, 100, 300, 100, 200, 200, 300, 100, 128, 384, 384, 256, 128, 384, 256, 128, 256)
(65, 'arrival', 666, 200, 300, 100, 300, 200, 100, 300, 300, 200, 128, 256, 384, 128, 384, 384, 256, 384, 128)
(70, 'departure', 660)
(75, 'departure', 662)
(80, 'departure', 667)
(85, 'departure', 664)
(90, 'departure', 671)
(95, 'departure', 666)
(100, 'departure', 669)
(105, 'departure', 670)
(110, 'departure', 665)
(115, 'departure', 668)
