24
(0, 'arrival', 617, 200, 300, 300, 300, 300, 100, 300, 200, 200, 128, 128, 384, 256, 384, 384, 256, 384, 128)
(5, 'arrival', 612, 300, 200, 100, 100, 300, 300, 200, 300, 300, 128, 128, 256, 256, 256, 256, 384, 256, 128)
(10, 'arrival', 616, 100, 100, 200, 100, 300, 200, 300, 100, 300, 128, 384, 256, 256, 384, 384, 128, 256, 256)
(15, 'departure', 617)
(20, 'arrival', 613, 300, 300, 100, 300, 300, 300, 300, 200, 100, 128, 256, 256, 256, 128, 256, 128, 256, 256)
(25, 'departure', 612)
(30, 'arrival', 620, 300, 100, 300, 300, 200, 300, 300, 100, 200, 128, 256, 384, 256, 384, 384, 256, 256, 256)
(35, 'departure', 616)
(40, 'departure', 620)
(45, 'arrival', 622, 300, 200, 200, 200, 200, 200, 200, 200, 100, 128, 384, 256, 128, 128, 256, 384, 256, 256)
(50, 'departure', 622)
(55, 'arrival', 619, 100, 300, 200, 100, 300, 300, 300, 100, 300, 384, 384, 384, 128, 256, 256, 256, 128, 256)
(60, 'arrival', 621, 200, 300, 200, 100, 300, 300, 300, 300, 300, 128, 384, 256, 384, 128, 128, 384, 256, 384)
(65, 'arrival', 623, 100, 100, 200, 300, 200, 100, 300, 300, 100, 256, 384, 128, 128, 256, 384, 128, 256, 384)
(70, 'arrival', 614, 200, 100, 200, 200, 100, 200, 300, 100, 100, 256, 128, 128, 384, 128, 256, 128, 128, 256)
(75, 'arrival', 618, 200, 300, 200, 200, 300, 200, 300, 200, 100, 256, 128, 128, 256, 128, 384, 256, 256, 384)
(80, 'arrival', 615, 200, 300, 100, 200, 200, 300, 200, 300, 100, 128, 128, 384, 128, 384, 128, 128, 256, 256)
(85, 'departure', 614)
(90, 'departure', 615)
(95, 'departure', 613)
(100, 'departure', 619)
(105, 'departure', 621)
(110, 'departure', 618)
(115, 'departure', 623)
