24
(0, 'arrival', 154, 200, 200, 100, 100, 100, 200, 300, 100, 200, 384, 128, 128, 384, 384, 128, 256, 384, 128)
(5, 'arrival', 147, 300, 100, 300, 200, 200, 300, 200, 300, 300, 256, 384, 384, 256, 384, 256, 384, 256, 256)
(10, 'arrival', 150, 200, 200, 100, 300, 300, 100, 200, 300, 300, 128, 128, 384, 128, 384, 128, 384, 256, 384)
(15, 'departure', 154)
(20, 'arrival', 153, 200, 100, 300, 300, 200, 200, 200, 300, 100, 384, 128, 256, 256, 128, 384, 384, 384, 256)
(25, 'arrival', 152, 300, 200, 200, 100, 100, 200, 300, 200, 100, 128, 256, 256, 128, 256, 128, 384, 256, 384)
(30, 'arrival', 155, 300, 100, 300, 200, 200, 200, 100, 100, 200, 128, 384, 128, 128, 256, 256, 128, 128, 128)
(35, 'departure', 147)
(40, 'arrival', 145, 100, 100, 300, 200, 100, 200, 300, 100, 100, 256, 384, 256, 256, 256, 384, 256, 256, 128)
(45, 'arrival', 146, 200, 300, 100, 100, 300, 100, 200, 300, 300, 384, 384, 384, 128, 384, 128, 384, 128, 128)
(50, 'departure', 152)
(55, 'arrival', 151, 300, 300, 100, 100, 200, 100, 200, 300, 300, 128, 128, 384, 384, 256, 384, 256, 256, 128)
(60, 'arrival', 149, 300, 300, 200, 200, 200, 100, 300, 300, 200, 384, 128, 256, 256, 128, 128, 128, 384, 256)
(65, 'arrival', 144, 200, 200, 200, 200, 300, 300, 300, 300, 300, 384, 384, 128, 256, 384, 256, 128, 384, 256)
(70, 'arrival', 148, 200, 100, 300, 200, 100, 200, 300, 100, 300, 128, 384, 128, 384, 256, 128, 384, 128, 128)
(75, 'departure', 150)
(80, 'departure', 155)
(85, 'departure', 146)
(90, 'departure', 148)
(95, 'departure', 144)
(100, 'departure', 151)
(105, 'departure', 145)
(110, 'departure', 153)
(115, 'departure', 149)
