24
(0, 'arrival', 183, 200, 200, 300, 200, 300, 300, 100, 100, 100, 128, 384, 256, 256, 384, 128, 128, 384, 256)
(5, 'arrival', 191, 200, 200, 100, 200, 200, 200, 100, 200, 200, 128, 256, 128, 384, 128, 384, 128, 256, 128)
(10, 'arrival', 181, 300, 200, 100, 200, 200, 300, 300, 100, 100, 128, 128, 384, 128, 384, 128, 256, 384, 384)
(15, 'arrival', 187, 100, 200, 200, 100, 300, 300, 200, 200, 200, 128, 128, 384, 256, 128, 384, 128, 384, 256)
(20, 'arrival', 186, 200, 100, 300, 100, 300, 300, 200, 100, 200, 256, 256, 256, 384, 384, 256, 384, 256, 256)
(25, 'arrival', 185, 300, 100, 200, 200, 100, 300, 200, 100, 200, 128, 384, 384, 128, 384, 128, 256, 384, 256)
(30, 'arrival', 180, 300, 300, 200, 300, 200, 200, 100, 300, 300, 128, 128, 384, 128, 128, 256, 256, 384, 256)
(35, 'departure', 180)
(40, 'departure', 187)
(45, 'arrival', 190, 300, 300, 100, 100, 100, 100, 100, 200, 200, 128, 128, 128, 256, 128, 384, 384, 384, 256)
(50, 'departure', 183)
(55, 'arrival', 182, 100, 100, 100, 200, 200, 100, 200, 300, 200, 128, 128, 256, 384, 384, 128, 256, 128, 128)
(60, 'arrival', 184, 300, 300, 200, 100, 200, 200, 300, 100, 200, 128, 256, 256, 384, 128, 384, 256, 128, 384)
(65, 'arrival', 189, 200, 200, 200, 200, 200, 100, 300, 300, 100, 256, 384, 128, 384, 384, 256, 256, 128, 384)
(70, 'arrival', 188, 300, 300, 200, 300, 100, 300, 200, 100, 300, 128, 384, 256, 128, 256, 256, 256, 128, 384)
(75, 'departure', 190)
(80, 'departure', 185)
(85, 'departure', 186)
(90, 'departure', 184)
(95, 'departure', 182)
(100, 'departure', 181)
(105, 'departure', 189)
(110, 'departure', 191)
(115, 'departure', 188)
