24
(0, 'arrival', 627, 300, 300, 300, 300, 100, 300, 200, 200, 200, 128, 384, 384, 256, 384, 384, 384, 256, 128)
(5, 'departure', 627)
(10, 'arrival', 635, 100, 200, 200, 300, 300, 100, 100, 100, 100, 384, 384, 128, 128, 256, 128, 128, 256, 384)
(15, 'departure', 635)
(20, 'arrival', 625, 100, 300, 200, 300, 200, 300, 100, 200, 200, 256, 128, 256, 128, 256, 384, 384, 256, 384)
(25, 'arrival', 634, 300, 200, 200, 100, 300, 100, 100, 300, 100, 384, 256, 128, 128, 128, 256, 128, 384, 256)
(30, 'departure', 634)
(35, 'arrival', 628, 200, 300, 200, 300, 200, 300, 300, 300, 300, 128, 128, 128, 128, 384, 384, 384, 128, 256)
(40, 'departure', 628)
(45, 'arrival', 633, 200, 200, 100, 200, 100, 300, 100, 200, 100, 128, 384, 256, 256, 128, 256, 384, 128, 128)
(50, 'arrival', 632, 300, 200, 100, 300, 300, 200, 300, 300, 200, 256, 384, 128, 384, 384, 256, 256, 384, 128)
(55, 'arrival', 624, 100, 200, 200, 300, 300, 100, 300, 100, 200, 256, 256, 256, 384, 128, 384, 128, 128, 128)
(60, 'arrival', 626, 200, 100, 200, 100, 200, 100, 100, 300, 300, 384, 256, 384, 384, 256, 384, 128, 256, 384)
(65, 'arrival', 631, 100, 200, 100, 100, 100, 300, 200, 300, 100, 384, 128, 384, 256, 256, 256, 384, 256, 384)
(70, 'arrival', 630, 100, 100, 100, 100, 300, 200, 300, 200, 100, 128, 128, 128, 128, 128, 256, 256, 128, 128)
(75, 'arrival', 629, 200, 100, 200, 100, 100, 200, 300, 300, 300, 256, 128, 384, 128, 256, 128, 256, 128, 256)
(80, 'departure', 625)
(85, 'departure', 624)
(90, 'departure', 633)
(95, 'departure', 629)
(100, 'departure', 630)
(105, 'departure', 631)
(110, 'departure', 626)
(115, 'departure', 632)
