24
(0, 'arrival', 588, 200, 300, 200, 300, 100, 200, 200, 200, 300, 256, 384, 256, 128, 128, 128, 256, 128, 128)
(5, 'departure', 588)
(10, 'arrival', 596, 300, 100, 300, 200, 100, 200, 200, 300, 100, 256, 128, 384, 128, 384, 256, 256, 256, 128)
(15, 'arrival', 591, 300, 100, 200, 100, 100, 300, 100, 200, 300, 256, 256, 128, 256, 384, 384, 256, 256, 384)
(20, 'arrival', 599, 300, 100, 300, 100, 100, 200, 100, 100, 100, 384, 256, 256, 384, 384, 128, 256, 128, 256)
(25, 'departure', 599)
(30, 'arrival', 594, 200, 300, 200, 200, 100, 200, 200, 100, 100, 128, 384, 256, 128, 128, 128, 384, 384, 128)
(35, 'arrival', 589, 200, 300, 300, 100, 300, 300, 200, 300, 300, 384, 384, 384, 128, 128, 384, 256, 256, 256)
(40, 'arrival', 595, 200, 100, 300, 100, 100, 200, 100, 100, 200, 128, 128, 128, 256, 384, 384, 128, 128, 384)
(45, 'departure', 596)
(50, 'arrival', 590, 100, 100, 200, 100, 300, 100, 100, 300, 300, 256, 128, 256, 256, 128, 384, 256, 256, 384)
(55, 'arrival', 598, 300, 100, 200, 200, 300, 300, 300, 300, 100, 384, 128, 128, 384, 128, 256, 128, 256, 256)
(60, 'arrival', 597, 200, 300, 300, 100, 200, 200, 100, 200, 300, 128, 384, 384, 384, 128, 384, 256, 128, 256)
(65, 'arrival', 593, 300, 100, 300, 200, 100, 100, 200, 300, 300, 128, 128, 128, 384, 128, 384, 128, 384, 128)
(70, 'arrival', 592, 200, 200, 100, 300, 100, 200, 100, 100, 100, 384, 256, 384, 384, 256, 384, 256, 256, 256)
(75, 'departure', 598)
(80, 'departure', 589)
(85, 'departure', 594)
(90, 'departure', 595)
(95, 'departure', 590)
(100, 'departure', 591)
(105, 'departure', 593)
(110, 'departure', 597)
(115, 'departure', 592)
