24
(0, 'arrival', 216, 300, 300, 100, 100, 100, 300, 100, 200, 300, 256, 256, 256, 384, 128, 384, 384, 384, 128)
(5, 'departure', 216)
(10, 'arrival', 222, 200, 200, 200, 100, 300, 300, 300, 100, 200, 128, 384, 384, 128, 128, 256, 128, 128, 384)
(15, 'arrival', 226, 100, 200, 300, 300, 200, 200, 100, 100, 200, 256, 384, 384, 128, 384, 256, 384, 256, 128)
(20, 'arrival', 227, 300, 300, 300, 200, 200, 300, 300, 100, 200, 384, 128, 256, 256, 384, 256, 384, 128, 384)
(25, 'arrival', 221, 300, 200, 300, 300, 300, 100, 200, 100, 100, 256, 384, 256, 384, 256, 384, 256, 128, 256)
(30, 'departure', 227)
(35, 'arrival', 225, 200, 100, 100, 300, 100, 200, 300, 200, 100, 384, 128, 256, 128, 256, 128, 256, 256, 128)
(40, 'arrival', 224, 100, 200, 100, 200, 300, 300, 200, 300, 100, 128, 128, 384, 128, 384, 384, 128, 256, 128)
(45, 'departure', 226)
(50, 'arrival', 217, 100, 100, 100, 200, 100, 100, 100, 300, 100, 256, 384, 256, 128, 256, 384, 128, 384, 256)
(55, 'arrival', 219, 100, 100, 200, 300, 300, 300, 300, 200, 200, 128, 128, 128, 128, 384, 384, 128, 128, 256)
(60, 'arrival', 220, 100, 200, 300, 300, 300, 300, 300, 300, 200, 128, 256, 128, 128, 128, 128, 256, 384, 256)
(65, 'departure', 224)
(70, 'departure', 222)
(75, 'arrival', 223, 200, 300, 200, 300, 100, 200, 100, 300, 200, 384, 128, 384, 384, 128, 128, 384, 384, 384)
(80, 'arrival', 218, 300, 300, 100, 100, 200, 300, 300, 100, 300, 256, 384, 384, 128, 128, 384, 256, 384, 256)
(85, 'departure', 225)
(90, 'departure', 223)
(95, 'departure', 221)
(100, 'departure', 218)
(105, 'departure', 219)
(110, 'departure', 220)
(115, 'departure', 217)
