24
(0, 'arrival', 470, 100, 300, 300, 100, 200, 100, 300, 200, 100, 256, 128, 384, 256, 128, 256, 256, 384, 256)
(5, 'arrival', 474, 100, 300, 300, 300, 100, 300, 200, 300, 200, 256, 256, 128, 128, 128, 256, 384, 256, 384)
(10, 'arrival', 468, 100, 100, 100, 100, 300, 300, 300, 100, 100, 128, 256, 128, 128, 384, 256, 384, 256, 384)
(15, 'departure', 470)
(20, 'arrival', 473, 200, 200, 200, 100, 200, 300, 300, 100, 100, 128, 384, 384, 384, 128, 256, 256, 128, 256)
(25, 'arrival', 472, 300, 100, 300, 200, 200, 300, 100, 200, 300, 384, 256, 128, 128, 384, 256, 384, 256, 384)
(30, 'arrival', 476, 300, 300, 200, 300, 100, 100, 200, 200, 200, 384, 384, 384, 256, 256, 384, 128, 384, 128)
(35, 'departure', 476)
(40, 'arrival', 475, 200, 200, 100, 300, 100, 100, 200, 100, 300, 384, 256, 128, 384, 384, 384, 128, 384, 384)
(45, 'arrival', 471, 100, 200, 200, 200, 200, 200, 200, 100, 300, 384, 256, 384, 128, 384, 256, 128, 384, 256)
(50, 'departure', 468)
(55, 'arrival', 478, 100, 200, 100, 200, 100, 100, 200, 300, 200, 256, 384, 128, 384, 256, 128, 256, 256, 384)
(60, 'arrival', 477, 200, 100, 300, 300, 200, 200, 100, 100, 300, 128, 384, 128, 128, 384, 384, 128, 256, 256)
(65, 'arrival', 469, 100, 200, 100, 300, 200, 300, 300, 300, 200, 256, 384, 128, 128, 256, 384, 128, 384, 384)
(70, 'arrival', 479, 100, 300, 100, 100, 200, 300, 100, 100, 200, 256, 256, 128, 128, 384, 128, 128, 256, 256)
(75, 'departure', 478)
(80, 'departure', 473)
(85, 'departure', 475)
(90, 'departure', 469)
(95, 'departure', 474)
(100, 'departure', 477)
(105, 'departure', 471)
(110, 'departure', 472)
(115, 'departure', 479)
