24
(0, 'arrival', 326, 100, 300, 100, 100, 300, 300, 200, 200, 300, 384, 128, 256, 256, 128, 256, 384, 256, 256)
(5, 'arrival', 335, 300, 100, 300, 300, 200, 100, 200, 100, 300, 128, 256, 384, 128, 256, 256, 256, 256, 256)
(10, 'departure', 326)
(15, 'departure', 335)
(20, 'arrival', 329, 100, 300, 100, 200, 200, 100, 200, 100, 300, 384, 128, 384, 384, 384, 256, 384, 384, 128)
(25, 'arrival', 325, 100, 300, 100, 300, 300, 300, 200, 200, 300, 128, 128, 256, 128, 256, 256, 128, 128, 128)
(30, 'departure', 325)
(35, 'arrival', 332, 300, 300, 300, 100, 200, 200, 200, 100, 100, 128, 256, 256, 256, 128, 384, 256, 384, 256)
(40, 'arrival', 333, 300, 300, 300, 100, 200, 200, 300, 100, 300, 256, 256, 384, 384, 256, 256, 384, 128, 256)
(45, 'arrival', 324, 300, 200, 300, 200, 300, 100, 200, 300, 300, 256, 384, 128, 128, 384, 256, 256, 256, 384)
(50, 'departure', 329)
(55, 'arrival', 328, 300, 100, 200, 200, 200, 200, 300, 100, 100, 384, 384, 384, 256, 384, 256, 384, 128, 256)
(60, 'departure', 332)
(65, 'arrival', 331, 100, 100, 200, 200, 300, 200, 300, 100, 200, 128, 128, 384, 384, 256, 256, 128, 256, 128)
(70, 'arrival', 327, 100, 300, 100, 100, 300, 100, 200, 100, 300, 384, 128, 128, 384, 384, 256, 256, 384, 256)
(75, 'arrival', 330, 300, 200, 300, 100, 300, 200, 100, 200, 200, 256, 128, 128, 128, 384, 128, 384, 128, 384)
(80, 'arrival', 334, 100, 200, 300, 100, 300, 300, 200, 200, 100, 128, 384, 256, 384, 384, 128, 384, 384, 128)
(85, 'departure', 324)
(90, 'departure', 328)
(95, 'departure', 327)
(100, 'departure', 330)
(105, 'departure', 331)
(110, 'departure', 334)
(115, 'departure', 333)
