24
(0, 'arrival', 7, 200, 200, 100, 100, 100, 300, 300, 200, 300, 384, 256, 256, 256, 128, 384, 128, 256, 128)
(5, 'arrival', 11, 200, 200, 300, 100, 200, 100, 300, 300, 300, 256, 128, 256, 256, 256, 256, 384, 256, 384)
(10, 'arrival', 10, 300, 300, 200, 200, 100, 300, 300, 100, 200, 128, 256, 384, 128, 384, 256, 384, 256, 384)
(15, 'arrival', 6, 200, 300, 300, 200, 300, 300, 100, 200, 100, 128, 384, 256, 384, 128, 256, 384, 256, 128)
(20, 'arrival', 4, 300, 100, 200, 200, 100, 200, 200, 100, 200, 384, 384, 384, 256, 256, 384, 128, 128, 384)
(25, 'arrival', 8, 100, 300, 200, 200, 200, 300, 100, 200, 300, 256, 384, 128, 384, 256, 384, 256, 384, 384)
(30, 'arrival', 2, 100, 300, 200, 100, 300, 300, 300, 300, 200, 256, 384, 256, 128, 128, 384, 128, 128, 384)
(35, 'departure', 4)
(40, 'arrival', 1, 200, 300, 100, 100, 300, 100, 100, 100, 300, 384, 128, 128, 128, 128, 256, 256, 384, 384)
(45, 'arrival', 0, 200, 100, 100, 200, 300, 200, 300, 200, 300, 128, 128, 128, 128, 384, 256, 128, 256, 384)
(50, 'arrival', 5, 200, 100, 100, 300, 300, 100, 100, 200, 300, 384, 128, 256, 128, 256, 128, 128, 384, 256)
(55, 'arrival', 3, 300, 200, 100, 100, 300, 200, 300, 300, 300, 384, 128, 384, 128, 384, 128, 384, 128, 256)
(60, 'arrival', 9, 300, 100, 200, 300, 300, 100, 200, 100, 200, 128, 384, 256, 384, 128, 256, 384, 128, 384)
(65, 'departure', 0)
(70, 'departure', 7)
(75, 'departure', 5)
(80, 'departure', 2)
(85, 'departure', 10)
(90, 'departure', 9)
(95, 'departure', 8)
(100, 'departure', 11)
(105, 'departure', 3)
(110, 'departure', 6)
(115, 'departure', 1)
