24
(0, 'arrival', 381, 100, 100, 300, 100, 200, 300, 100, 200, 200, 128, 256, 256, 384, 384, 128, 256, 384, 384)
(5, 'arrival', 379, 100, 200, 300, 100, 100, 200, 200, 200, 200, 384, 256, 384, 128, 256, 128, 256, 384, 128)
(10, 'arrival', 377, 200, 200, 200, 200, 200, 300, 200, 300, 300, 256, 256, 256, 384, 256, 128, 128, 256, 256)
(15, 'arrival', 375, 300, 300, 100, 300, 200, 100, 200, 100, 300, 256, 256, 128, 256, 384, 256, 128, 128, 384)
(20, 'arrival', 380, 300, 300, 200, 200, 200, 300, 100, 100, 200, 384, 128, 256, 256, 256, 384, 256, 384, 256)
(25, 'arrival', 378, 200, 100, 200, 100, 100, 200, 300, 100, 200, 128, 128, 384, 128, 384, 256, 128, 128, 256)
(30, 'arrival', 374, 200, 200, 200, 200, 300, 200, 100, 200, 100, 256, 128, 384, 256, 128, 384, 384, 384, 384)
(35, 'departure', 375)
(40, 'arrival', 372, 300, 200, 300, 200, 100, 100, 300, 200, 200, 256, 384, 384, 384, 128, 384, 384, 256, 384)
(45, 'arrival', 382, 100, 200, 300, 100, 300, 200, 100, 200, 300, 256, 384, 384, 384, 256, 384, 256, 384, 384)
(50, 'arrival', 373, 200, 300, 300, 200, 100, 200, 200, 100, 100, 256, 128, 256, 256, 384, 128, 256, 128, 384)
(55, 'arrival', 376, 200, 100, 100, 100, 100, 200, 200, 300, 100, 384, 128, 384, 256, 128, 384, 128, 384, 384)
(60, 'arrival', 383, 100, 300, 100, 300, 300, 100, 100, 200, 100, 384, 128, 128, 384, 384, 384, 384, 128, 128)
(65, 'departure', 374)
(70, 'departure', 379)
(75, 'departure', 373)
(80, 'departure', 381)
(85, 'departure', 383)
(90, 'departure', 380)
(95, 'departure', 378)
(100, 'departure', 376)
(105, 'departure', 372)
(110, 'departure', 382)
(115, 'departure', 377)
