24
(0, 'arrival', 358, 200, 300, 200, 300, 100, 300, 300, 100, 200, 384, 384, 384, 256, 384, 384, 128, 256, 384)
(5, 'arrival', 354, 300, 200, 200, 200, 200, 100, 100, 100, 100, 256, 256, 256, 384, 256, 256, 128, 128, 384)
(10, 'arrival', 356, 300, 200, 100, 100, 300, 200, 100, 200, 200, 128, 256, 128, 128, 384, 256, 128, 256, 384)
(15, 'arrival', 357, 300, 100, 200, 200, 300, 200, 200, 200, 300, 256, 128, 384, 256, 384, 256, 384, 384, 384)
(20, 'arrival', 355, 100, 300, 300, 200, 200, 100, 200, 100, 300, 128, 256, 256, 256, 256, 256, 384, 128, 256)
(25, 'departure', 357)
(30, 'arrival', 348, 300, 100, 300, 100, 100, 100, 200, 100, 200, 128, 128, 384, 256, 128, 384, 384, 384, 384)
(35, 'arrival', 352, 300, 200, 200, 300, 200, 200, 300, 100, 100, 384, 384, 128, 128, 128, 256, 128, 384, 256)
(40, 'departure', 358)
(45, 'arrival', 359, 200, 300, 200, 100, 100, 100, 200, 100, 300, 128, 256, 256, 384, 128, 128, 128, 384, 128)
(50, 'arrival', 349, 100, 200, 100, 300, 300, 100, 300, 300, 300, 128, 128, 256, 256, 256, 256, 128, 128, 128)
(55, 'arrival', 353, 300, 100, 100, 100, 100, 100, 200, 200, 100, 256, 384, 128, 128, 256, 256, 128, 256, 384)
(60, 'departure', 354)
(65, 'departure', 356)
(70, 'arrival', 351, 200, 300, 100, 100, 200, 100, 200, 200, 100, 384, 384, 256, 256, 384, 384, 384, 256, 384)
(75, 'arrival', 350, 300, 100, 100, 200, 200, 300, 100, 100, 100, 128, 256, 128, 384, 256, 384, 256, 384, 128)
(80, 'departure', 350)
(85, 'departure', 352)
(90, 'departure', 359)
(95, 'departure', 349)
(100, 'departure', 348)
(105, 'departure', 351)
(110, 'departure', 353)
(115, 'departure', 355)
