24
(0, 'arrival', 540, 300, 300, 200, 100, 200, 100, 200, 100, 100, 256, 128, 256, 256, 256, 384, 256, 256, 384)
(5, 'arrival', 549, 200, 200, 300, 100, 100, 100, 100, 200, 100, 128, 128, 128, 384, 384, 128, 128, 256, 384)
(10, 'arrival', 551, 300, 300, 200, 200, 100, 300, 300, 200, 200, 384, 256, 128, 384, 256, 128, 384, 128, 384)
(15, 'arrival', 546, 100, 100, 100, 200, 100, 200, 300, 200, 100, 384, 384, 128, 128, 256, 128, 256, 384, 256)
(20, 'arrival', 542, 200, 100, 200, 200, 200, 100, 300, 300, 300, 128, 128, 256, 256, 256, 384, 384, 128, 384)
(25, 'arrival', 543, 300, 300, 100, 100, 100, 100, 100, 300, 200, 128, 128, 256, 256, 128, 384, 384, 256, 384)
(30, 'arrival', 547, 100, 200, 100, 200, 300, 100, 300, 100, 300, 128, 128, 256, 128, 128, 384, 256, 128, 384)
(35, 'arrival', 548, 300, 300, 200, 300, 300, 300, 100, 300, 200, 384, 256, 256, 384, 384, 256, 128, 384, 128)
(40, 'arrival', 544, 300, 300, 200, 100, 100, 200, 200, 100, 100, 128, 256, 256, 256, 256, 384, 128, 128, 128)
(45, 'arrival', 545, 200, 300, 200, 300, 200, 200, 300, 100, 200, 256, 256, 128, 128, 384, 384, 256, 384, 256)
(50, 'arrival', 550, 200, 200, 100, 300, 200, 300, 100, 300, 200, 128, 256, 128, 128, 128, 384, 256, 384, 128)
(55, 'arrival', 541, 200, 200, 100, 200, 300, 200, 300, 200, 300, 256, 256, 256, 256, 384, 384, 256, 128, 256)
(60, 'departure', 542)
(65, 'departure', 548)
(70, 'departure', 546)
(75, 'departure', 544)
(80, 'departure', 545)
(85, 'departure', 547)
(90, 'departure', 549)
(95, 'departure', 541)
(100, 'departure', 540)
(105, 'departure', 551)
(110, 'departure', 543)
(115, 'departure', 550)
