24
(0, 'arrival', 304, 200, 200, 300, 100, 300, 200, 200, 100, 100, 128, 128, 256, 384, 128, 256, 384, 128, 384)
(5, 'arrival', 303, 300, 200, 100, 100, 100, 300, 100, 200, 200, 256, 128, 384, 128, 128, 384, 256, 256, 384)
(10, 'arrival', 310, 300, 200, 300, 300, 200, 100, 200, 300, 300, 128, 128, 256, 256, 256, 256, 128, 384, 256)
(15, 'arrival', 301, 300, 200, 200, 300, 300, 300, 300, 300, 300, 256, 256, 384, 128, 384, 256, 384, 384, 384)
(20, 'arrival', 306, 300, 100, 200, 200, 300, 200, 300, 100, 100, 384, 128, 256, 256, 128, 384, 384, 384, 256)
(25, 'arrival', 305, 200, 300, 300, 200, 100, 100, 200, 300, 200, 256, 384, 384, 384, 256, 128, 128, 128, 384)
(30, 'arrival', 309, 100, 100, 300, 300, 300, 100, 100, 100, 100, 256, 128, 128, 384, 256, 128, 256, 256, 128)
(35, 'arrival', 308, 100, 300, 300, 100, 100, 200, 300, 100, 100, 256, 384, 384, 256, 128, 256, 128, 128, 128)
(40, 'arrival', 300, 200, 300, 300, 200, 200, 200, 100, 200, 300, 128, 256, 384, 384, 384, 256, 384, 256, 128)
(45, 'arrival', 307, 200, 100, 100, 200, 200, 200, 300, 200, 100, 256, 256, 256, 256, 384, 256, 384, 256, 384)
(50, 'arrival', 302, 300, 100, 200, 100, 100, 200, 300, 200, 200, 128, 256, 128, 128, 384, 128, 256, 128, 256)
(55, 'arrival', 311, 100, 100, 200, 300, 300, 300, 300, 100, 100, 128, 384, 384, 256, 128, 128, 128, 384, 128)
(60, 'departure', 307)
(65, 'departure', 309)
(70, 'departure', 311)
(75, 'departure', 310)
(80, 'departure', 301)
(85, 'departure', 303)
(90, 'departure', 305)
(95, 'departure', 308)
(100, 'departure', 302)
(105, 'departure', 306)
(110, 'departure', 304)
(115, 'departure', 300)
