24
(0, 'arrival', 28, 200, 200, 300, 200, 100, 200, 100, 300, 300, 128, 128, 256, 384, 256, 256, 128, 128, 384)
(5, 'arrival', 27, 100, 100, 200, 200, 100, 100, 100, 300, 300, 256, 384, 128, 128, 128, 128, 384, 384, 256)
(10, 'arrival', 31, 200, 300, 300, 200, 100, 200, 300, 300, 200, 384, 256, 256, 128, 384, 128, 256, 256, 256)
(15, 'arrival', 29, 100, 100, 300, 300, 100, 200, 200, 100, 300, 256, 128, 384, 256, 384, 384, 256, 384, 256)
(20, 'arrival', 32, 200, 300, 100, 100, 100, 300, 100, 200, 300, 256, 384, 256, 384, 128, 384, 256, 384, 128)
(25, 'arrival', 34, 200, 300, 200, 200, 300, 200, 100, 200, 100, 256, 128, 256, 384, 256, 128, 128, 384, 384)
(30, 'arrival', 25, 300, 100, 300, 200, 200, 100, 300, 200, 200, 256, 128, 256, 128, 256, 384, 128, 384, 256)
(35, 'departure', 29)
(40, 'arrival', 35, 100, 300, 300, 200, 200, 200, 200, 200, 100, 256, 256, 384, 384, 128, 128, 128, 256, 128)
(45, 'arrival', 24, 200, 300, 300, 200, 200, 300, 100, 200, 200, 384, 384, 128, 256, 128, 384, 256, 384, 128)
(50, 'departure', 27)
(55, 'arrival', 33, 300, 300, 300, 200, 300, 100, 100, 200, 200, 128, 384, 384, 256, 384, 384, 384, 256, 128)
(60, 'arrival', 26, 100, 100, 300, 300, 200, 200, 100, 200, 300, 384, 256, 128, 384, 128, 384, 384, 384, 128)
(65, 'arrival', 30, 300, 200, 200, 300, 200, 200, 200, 100, 100, 384, 384, 256, 256, 256, 128, 384, 256, 256)
(70, 'departure', 30)
(75, 'departure', 31)
(80, 'departure', 34)
(85, 'departure', 25)
(90, 'departure', 32)
(95, 'departure', 24)
(100, 'departure', 26)
(105, 'departure', 28)
(110, 'departure', 35)
(115, 'departure', 33)
