24
(0, 'arrival', 215, 200, 100, 200, 100, 100, 200, 100, 300, 200, 128, 256, 256, 128, 384, 384, 128, 256, 128)
(5, 'departure', 215)
(10, 'arrival', 208, 300, 300, 100, 100, 200, 300, 300, 300, 300, 384, 128, 128, 128, 384, 128, 384, 384, 128)
(15, 'arrival', 213, 100, 300, 100, 200, 300, 300, 300, 300, 200, 256, 256, 256, 256, 128, 384, 128, 384, 256)
(20, 'departure', 208)
(25, 'arrival', 214, 300, 100, 100, 200, 200, 300, 300, 100, 100, 128, 128, 128, 384, 256, 128, 384, 256, 384)
(30, 'arrival', 212, 300, 100, 300, 300, 200, 100, 300, 300, 300, 384, 384, 256, 128, 128, 128, 128, 384, 384)
(35, 'arrival', 209, 200, 200, 200, 100, 200, 100, 200, 100, 200, 256, 256, 256, 256, 384, 256, 128, 256, 384)
(40, 'arrival', 211, 300, 200, 300, 200, 200, 100, 100, 200, 300, 128, 128, 384, 128, 384, 128, 128, 256, 256)
(45, 'arrival', 206, 100, 100, 200, 200, 300, 100, 100, 100, 200, 384, 128, 384, 256, 256, 384, 256, 256, 128)
(50, 'arrival', 210, 300, 200, 300, 300, 200, 100, 200, 100, 100, 256, 128, 256, 384, 256, 128, 256, 384, 256)
(55, 'arrival', 205, 100, 300, 300, 200, 100, 200, 200, 300, 200, 128, 256, 128, 256, 128, 384, 128, 256, 384)
(60, 'arrival', 207, 200, 200, 200, 200, 300, 100, 100, 100, 200, 128, 384, 128, 128, 128, 384, 128, 128, 384)
(65, 'arrival', 204, 100, 100, 300, 300, 100, 300, 200, 200, 300, 384, 128, 384, 128, 128, 256, 256, 384, 128)
(70, 'departure', 212)
(75, 'departure', 207)
(80, 'departure', 209)
(85, 'departure', 214)
(90, 'departure', 211)
(95, 'departure', 204)
(100, 'departure', 213)
(105, 'departure', 210)
(110, 'departure', 206)
(115, 'departure', 205)
