24
(0, 'arrival', 581, 200, 200, 300, 200, 200, 100, 100, 300, 200, 384, 384, 384, 128, 384, 128, 384, 384, 384)
(5, 'arrival', 576, 300, 300, 300, 200, 200, 300, 200, 200, 300, 384, 384, 128, 128, 256, 128, 128, 384, 384)
(10, 'arrival', 585, 200, 100, 200, 200, 100, 300, 200, 100, 200, 256, 256, 128, 128, 128, 256, 256, 128, 384)
(15, 'arrival', 577, 100, 100, 200, 300, 100, 300, 300, 300, 300, 256, 256, 384, 256, 128, 128, 256, 256, 256)
(20, 'arrival', 578, 200, 300, 300, 100, 300, 100, 300, 100, 200, 384, 384, 384, 384, 384, 384, 384, 256, 256)
(25, 'arrival', 587, 300, 100, 100, 100, 200, 200, 300, 300, 300, 256, 256, 128, 384, 256, 128, 128, 128, 384)
(30, 'arrival', 580, 300, 100, 200, 100, 200, 100, 100, 100, 300, 128, 256, 128, 384, 256, 256, 128, 128, 384)
(35, 'arrival', 584, 200, 300, 300, 200, 300, 300, 200, 200, 100, 128, 128, 128, 128, 384, 256, 384, 384, 384)
(40, 'arrival', 586, 100, 300, 200, 200, 100, 300, 300, 200, 100, 256, 384, 256, 128, 128, 256, 256, 256, 384)
(45, 'arrival', 583, 200, 200, 300, 100, 300, 300, 300, 100, 100, 128, 256, 384, 128, 384, 128, 384, 256, 384)
(50, 'arrival', 579, 200, 100, 300, 200, 100, 300, 200, 100, 200, 384, 384, 256, 256, 256, 256, 256, 128, 256)
(55, 'arrival', 582, 100, 100, 200, 200, 300, 100, 300, 300, 100, 384, 384, 128, 384, 128, 128, 256, 256, 256)
(60, 'departure', 586)
(65, 'departure', 579)
(70, 'departure', 578)
(75, 'departure', 580)
(80, 'departure', 581)
(85, 'departure', 582)
(90, 'departure', 585)
(95, 'departure', 584)
(100, 'departure', 583)
(105, 'departure', 577)
(110, 'departure', 587)
(115, 'departure', 576)
