24
(0, 'arrival', 262, 300, 200, 100, 300, 300, 200, 100, 100, 100, 384, 128, 384, 256, 384, 256, 384, 256, 256)
(5, 'arrival', 260, 300, 200, 300, 300, 200, 200, 100, 100, 100, 256, 128, 256, 256, 128, 384, 256, 128, 128)
(10, 'arrival', 252, 200, 200, 300, 200, 300, 100, 300, 300, 100, 256, 256, 384, 128, 128, 128, 128, 256, 128)
(15, 'arrival', 259, 300, 200, 100, 100, 100, 200, 300, 300, 300, 128, 128, 256, 256, 256, 128, 128, 384, 128)
(20, 'arrival', 254, 300, 100, 200, 300, 200, 300, 100, 300, 100, 128, 128, 384, 384, 128, 128, 256, 128, 384)
(25, 'arrival', 253, 100, 100, 300, 300, 100, 200, 100, 200, 100, 128, 256, 256, 256, 256, 384, 128, 128, 384)
(30, 'arrival', 263, 300, 100, 300, 300, 100, 300, 300, 100, 300, 384, 384, 384, 384, 256, 128, 384, 384, 128)
(35, 'arrival', 261, 100, 200, 200, 300, 200, 200, 300, 100, 200, 256, 384, 256, 384, 256, 128, 384, 128, 384)
(40, 'arrival', 256, 300, 200, 100, 300, 200, 100, 200, 200, 100, 256, 128, 128, 128, 128, 128, 384, 256, 384)
(45, 'arrival', 258, 300, 200, 200, 200, 300, 200, 200, 200, 200, 384, 128, 256, 256, 256, 384, 384, 384, 128)
(50, 'arrival', 257, 200, 100, 100, 200, 200, 100, 100, 300, 300, 256, 384, 256, 256, 128, 256, 128, 256, 384)
(55, 'arrival', 255, 300, 300, 100, 200, 300, 200, 200, 200, 100, 256, 256, 256, 384, 128, 256, 384, 384, 128)
(60, 'departure', 257)
(65, 'departure', 254)
(70, 'departure', 261)
(75, 'departure', 256)
(80, 'departure', 255)
(85, 'departure', 260)
(90, 'departure', 263)
(95, 'departure', 262)
(100, 'departure', 259)
(105, 'departure', 258)
(110, 'departure', 253)
(115, 'departure', 252)
