24
(0, 'arrival', 556, 200, 200, 100, 100, 300, 300, 300, 100, 200, 128, 128, 128, 128, 256, 256, 256, 384, 256)
(5, 'arrival', 563, 200, 200, 300, 300, 300, 100, 200, 100, 200, 128, 384, 256, 256, 128, 256, 128, 256, 256)
(10, 'arrival', 562, 200, 300, 300, 200, 300, 100, 300, 200, 100, 384, 256, 384, 384, 384, 384, 384, 384, 128)
(15, 'arrival', 554, 100, 100, 100, 100, 300, 100, 200, 300, 200, 384, 384, 384, 256, 128, 384, 128, 128, 384)
(20, 'departure', 562)
(25, 'arrival', 560, 300, 300, 300, 300, 200, 100, 300, 300, 200, 256, 128, 128, 256, 256, 128, 256, 256, 128)
(30, 'arrival', 558, 300, 100, 200, 100, 300, 100, 200, 200, 200, 128, 128, 384, 128, 256, 384, 256, 128, 384)
(35, 'arrival', 555, 200, 300, 100, 300, 100, 200, 100, 100, 200, 384, 256, 384, 128, 384, 256, 128, 128, 128)
(40, 'arrival', 559, 100, 200, 300, 300, 200, 100, 300, 300, 200, 128, 256, 128, 128, 384, 128, 128, 128, 128)
(45, 'arrival', 553, 300, 300, 300, 300, 300, 300, 300, 100, 200, 384, 128, 128, 384, 256, 128, 128, 256, 256)
(50, 'arrival', 557, 200, 200, 300, 300, 200, 300, 200, 100, 100, 256, 384, 384, 384, 384, 256, 128, 384, 384)
(55, 'arrival', 561, 200, 300, 100, 300, 100, 100, 200, 200, 100, 128, 256, 384, 384, 384, 256, 128, 256, 384)
(60, 'arrival', 552, 100, 100, 100, 100, 100, 100, 200, 300, 100, 128, 384, 128, 256, 128, 384, 384, 256, 256)
(65, 'departure', 563)
(70, 'departure', 555)
(75, 'departure', 556)
(80, 'departure', 553)
(85, 'departure', 561)
(90, 'departure', 559)
(95, 'departure', 557)
(100, 'departure', 552)
(105, 'departure', 554)
(110, 'departure', 558)
(115, 'departure', 560)
