24
(0, 'arrival', 444, 300, 200, 200, 200, 300, 100, 200, 300, 300, 256, 256, 128, 384, 256, 256, 384, 384, 128)
(5, 'arrival', 451, 300, 200, 100, 300, 300, 300, 300, 200, 200, 128, 384, 384, 256, 384, 128, 256, 128, 128)
(10, 'departure', 451)
(15, 'arrival', 450, 200, 300, 200, 200, 100, 100, 200, 100, 200, 256, 256, 128, 128, 384, 384, 256, 384, 384)
(20, 'arrival', 446, 100, 100, 200, 300, 200, 100, 100, 100, 100, 384, 256, 256, 384, 384, 128, 256, 128, 384)
(25, 'departure', 444)
(30, 'arrival', 454, 200, 100, 100, 300, 200, 300, 200, 200, 300, 384, 384, 128, 384, 256, 384, 128, 128, 256)
(35, 'arrival', 447, 300, 200, 100, 300, 300, 100, 200, 100, 300, 384, 256, 384, 384, 256, 384, 128, 256, 128)
(40, 'arrival', 452, 100, 300, 100, 100, 300, 100, 200, 100, 100, 384, 384, 384, 256, 256, 256, 256, 384, 384)
(45, 'arrival', 455, 300, 200, 300, 300, 300, 300, 100, 300, 100, 384, 128, 128, 128, 256, 128, 128, 384, 256)
(50, 'arrival', 445, 200, 200, 200, 300, 200, 300, 300, 300, 100, 256, 256, 256, 256, 256, 128, 384, 384, 384)
(55, 'arrival', 449, 300, 100, 300, 200, 300, 200, 300, 200, 100, 384, 128, 256, 256, 256, 128, 384, 256, 256)
(60, 'arrival', 448, 100, 100, 200, 100, 100, 200, 200, 300, 200, 256, 256, 384, 128, 128, 384, 128, 128, 256)
(65, 'arrival', 453, 100, 300, 300, 200, 100, 300, 300, 100, 300, 128, 384, 128, 384, 256, 128, 384, 256, 256)
(70, 'departure', 448)
(75, 'departure', 446)
(80, 'departure', 454)
(85, 'departure', 447)
(90, 'departure', 450)
(95, 'departure', 445)
(100, 'departure', 455)
(105, 'departure', 453)
(110, 'departure', 452)
(115, 'departure', 449)
