24
(0, 'arrival', 408, 200, 100, 200, 200, 200, 300, 200, 300, 200, 256, 384, 384, 128, 128, 384, 384, 256, 256)
(5, 'departure', 408)
(10, 'arrival', 409, 200, 300, 100, 100, 300, 100, 200, 100, 200, 384, 256, 128, 384, 384, 384, 128, 256, 384)
(15, 'departure', 409)
(20, 'arrival', 417, 200, 100, 200, 300, 300, 300, 300, 100, 100, 384, 384, 384, 384, 384, 128, 128, 128, 128)
(25, 'arrival', 416, 100, 100, 300, 300, 200, 200, 100, 100, 200, 256, 128, 256, 128, 128, 384, 256, 384, 256)
(30, 'departure', 417)
(35, 'arrival', 415, 200, 200, 300, 300, 100, 100, 200, 200, 100, 256, 128, 128, 128, 128, 128, 256, 256, 384)
(40, 'arrival', 411, 200, 100, 200, 300, 200, 200, 200, 100, 300, 128, 128, 256, 384, 384, 384, 384, 384, 256)
(45, 'arrival', 419, 100, 100, 300, 100, 200, 100, 100, 100, 200, 128, 256, 384, 128, 256, 256, 128, 384, 384)
(50, 'arrival', 413, 100, 200, 200, 200, 300, 100, 100, 200, 200, 256, 128, 384, 384, 256, 384, 384, 384, 256)
(55, 'arrival', 418, 300, 100, 100, 200, 300, 200, 200, 300, 100, 384, 128, 384, 128, 256, 384, 384, 256, 384)
(60, 'arrival', 414, 100, 300, 100, 300, 100, 200, 200, 200, 200, 256, 128, 128, 256, 128, 256, 384, 256, 128)
(65, 'arrival', 412, 100, 200, 300, 100, 100, 100, 100, 200, 200, 128, 256, 384, 384, 128, 384, 384, 128, 384)
(70, 'arrival', 410, 100, 200, 100, 100, 200, 300, 100, 300, 200, 384, 128, 256, 128, 256, 256, 256, 384, 384)
(75, 'departure', 418)
(80, 'departure', 410)
(85, 'departure', 412)
(90, 'departure', 419)
(95, 'departure', 414)
(100, 'departure', 413)
(105, 'departure', 416)
(110, 'departure', 415)
(115, 'departure', 411)
