24
(0, 'arrival', 325, 200, 300, 200, 100, 200, 200, 100, 300, 300, 256, 384, 384, 256, 384, 128, 384, 256, 384)
(5, 'arrival', 327, 200, 200, 100, 300, 300, 200, 200, 300, 200, 384, 384, 128, 384, 128, 128, 256, 128, 256)
(10, 'arrival', 334, 300, 300, 100, 200, 200, 300, 200, 200, 100, 256, 256, 128, 384, 256, 384, 384, 128, 384)
(15, 'departure', 334)
(20, 'arrival', 329, 300, 300, 100, 200, 100, 100, 300, 300, 200, 128, 256, 256, 256, 256, 256, 128, 384, 384)
(25, 'arrival', 324, 300, 100, 300, 100, 100, 100, 300, 100, 200, 384, 128, 128, 384, 128, 128, 256, 256, 384)
(30, 'arrival', 333, 300, 300, 100, 300, 100, 300, 300, 100, 300, 384, 256, 256, 128, 128, 384, 128, 256, 256)
(35, 'arrival', 328, 200, 300, 100, 200, 300, 200, 300, 300, 300, 256, 256, 384, 128, 128, 128, 128, 384, 384)
(40, 'arrival', 335, 100, 300, 200, 300, 300, 200, 100, 300, 200, 128, 384, 256, 384, 256, 128, 384, 384, 384)
(45, 'arrival', 326, 200, 200, 300, 100, 200, 200, 300, 100, 200, 256, 128, 256, 256, 256, 128, 256, 256, 256)
(50, 'arrival', 331, 100, 100, 300, 100, 300, 300, 200, 200, 200, 128, 128, 128, 128, 384, 384, 128, 128, 256)
(55, 'departure', 325)
(60, 'arrival', 332, 200, 100, 300, 300, 200, 100, 100, 300, 300, 256, 384, 384, 256, 128, 384, 128, 256, 128)
(65, 'arrival', 330, 100, 200, 100, 100, 200, 300, 200, 200, 200, 128, 256, 384, 384, 128, 256, 128, 128, 256)
(70, 'departure', 335)
(75, 'departure', 330)
(80, 'departure', 332)
(85, 'departure', 333)
(90, 'departure', 324)
(95, 'departure', 329)
(100, 'departure', 328)
(105, 'departure', 327)
(110, 'departure', 326)
(115, 'departure', 331)
