24
(0, 'arrival', 227, 100, 100, 300, 300, 100, 300, 100, 300, 200, 256, 256, 128, 256, 256, 128, 256, 256, 128)
(5, 'arrival', 217, 200, 100, 200, 200, 200, 200, 300, 100, 200, 256, 384, 128, 256, 256, 384, 128, 128, 384)
(10, 'arrival', 219, 300, 100, 100, 200, 300, 300, 300, 200, 300, 128, 384, 384, 128, 384, 128, 256, 384, 128)
(15, 'arrival', 222, 300, 100, 300, 300, 300, 300, 200, 200, 100, 384, 256, 384, 256, 128, 384, 128, 256, 256)
(20, 'arrival', 225, 300, 300, 200, 200, 200, 200, 300, 100, 300, 256, 256, 384, 384, 384, 384, 128, 128, 128)
(25, 'arrival', 226, 300, 300, 100, 200, 100, 300, 200, 200, 300, 384, 384, 128, 384, 384, 128, 128, 128, 384)
(30, 'arrival', 216, 100, 300, 200, 200, 300, 300, 300, 300, 100, 256, 384, 384, 128, 128, 384, 256, 384, 256)
(35, 'arrival', 220, 300, 300, 300, 100, 100, 200, 300, 200, 300, 384, 256, 384, 128, 256, 384, 256, 384, 384)
(40, 'departure', 222)
(45, 'arrival', 221, 100, 300, 200, 100, 100, 100, 200, 300, 300, 256, 384, 128, 128, 384, 128, 256, 256, 128)
(50, 'arrival', 224, 100, 300, 100, 100, 100, 200, 300, 200, 200, 128, 256, 128, 384, 256, 256, 128, 256, 256)
(55, 'arrival', 218, 300, 100, 300, 200, 300, 300, 200, 100, 300, 384, 128, 384, 384, 384, 128, 384, 256, 128)
(60, 'arrival', 223, 200, 100, 100, 300, 300, 300, 100, 200, 100, 384, 128, 384, 128, 384, 256, 256, 128, 384)
(65, 'departure', 217)
(70, 'departure', 219)
(75, 'departure', 218)
(80, 'departure', 216)
(85, 'departure', 227)
(90, 'departure', 225)
(95, 'departure', 221)
(100, 'departure', 224)
(105, 'departure', 226)
(110, 'departure', 223)
(115, 'departure', 220)
