24
(0, 'arrival', 425, 300, 200, 300, 200, 300, 300, 100, 200, 100, 128, 256, 256, 256, 384, 256, 256, 256, 256)
(5, 'arrival', 429, 300, 200, 300, 100, 300, 100, 100, 300, 200, 384, 256, 256, 384, 384, 256, 128, 384, 384)
(10, 'arrival', 421, 300, 100, 300, 100, 300, 200, 300, 300, 200, 256, 256, 256, 384, 128, 384, 256, 128, 256)
(15, 'arrival', 423, 200, 100, 300, 200, 200, 200, 200, 100, 100, 256, 128, 256, 256, 384, 128, 384, 256, 384)
(20, 'arrival', 424, 300, 300, 200, 200, 100, 200, 100, 200, 200, 384, 128, 256, 128, 128, 384, 256, 128, 128)
(25, 'arrival', 426, 100, 200, 100, 200, 200, 100, 300, 100, 200, 384, 128, 256, 128, 256, 256, 384, 256, 384)
(30, 'arrival', 430, 200, 100, 300, 300, 100, 100, 200, 100, 300, 128, 384, 256, 256, 128, 128, 128, 128, 384)
(35, 'arrival', 428, 100, 200, 300, 300, 300, 100, 300, 300, 200, 384, 384, 256, 384, 384, 256, 128, 256, 256)
(40, 'arrival', 422, 300, 300, 300, 300, 100, 300, 100, 300, 200, 128, 384, 256, 128, 128, 384, 128, 384, 384)
(45, 'arrival', 427, 300, 100, 300, 100, 300, 200, 100, 100, 300, 128, 384, 128, 128, 384, 256, 384, 256, 128)
(50, 'arrival', 420, 100, 300, 100, 300, 200, 300, 300, 100, 200, 128, 256, 256, 128, 256, 384, 128, 256, 128)
(55, 'arrival', 431, 100, 100, 200, 200, 300, 300, 200, 200, 300, 384, 384, 384, 384, 256, 256, 128, 384, 256)
(60, 'departure', 423)
(65, 'departure', 426)
(70, 'departure', 421)
(75, 'departure', 422)
(80, 'departure', 431)
(85, 'departure', 420)
(90, 'departure', 424)
(95, 'departure', 427)
(100, 'departure', 425)
(105, 'departure', 430)
(110, 'departure', 428)
(115, 'departure', 429)
