24
(0, 'arrival', 463, 100, 300, 300, 300, 300, 100, 100, 300, 100, 128, 128, 128, 384, 256, 128, 256, 256, 256)
(5, 'arrival', 458, 200, 100, 100, 200, 100, 100, 100, 300, 300, 256, 256, 128, 256, 128, 256, 384, 128, 256)
(10, 'arrival', 464, 200, 100, 200, 200, 200, 300, 100, 100, 100, 128, 384, 256, 384, 128, 384, 128, 128, 256)
(15, 'arrival', 466, 300, 200, 200, 100, 100, 300, 200, 300, 200, 128, 256, 256, 128, 128, 384, 384, 384, 256)
(20, 'arrival', 456, 200, 200, 200, 200, 100, 300, 300, 100, 200, 128, 256, 128, 384, 384, 384, 384, 128, 256)
(25, 'arrival', 462, 200, 200, 300, 300, 200, 100, 200, 100, 100, 384, 128, 384, 384, 256, 384, 384, 256, 384)
(30, 'arrival', 459, 300, 200, 100, 300, 300, 300, 200, 100, 300, 256, 384, 384, 128, 128, 128, 384, 256, 128)
(35, 'arrival', 465, 200, 200, 300, 300, 200, 300, 300, 300, 200, 256, 384, 256, 128, 128, 256, 128, 128, 384)
(40, 'arrival', 457, 300, 100, 200, 200, 300, 100, 300, 100, 100, 256, 256, 384, 256, 128, 384, 256, 256, 256)
(45, 'departure', 459)
(50, 'arrival', 467, 300, 300, 100, 100, 300, 300, 200, 200, 200, 384, 256, 384, 384, 384, 128, 256, 256, 256)
(55, 'departure', 467)
(60, 'departure', 456)
(65, 'arrival', 460, 200, 200, 100, 300, 300, 200, 300, 200, 100, 384, 128, 128, 384, 384, 384, 256, 384, 128)
(70, 'arrival', 461, 100, 100, 200, 300, 200, 200, 300, 200, 300, 384, 384, 256, 384, 256, 128, 256, 128, 256)
(75, 'departure', 465)
(80, 'departure', 463)
(85, 'departure', 458)
(90, 'departure', 457)
(95, 'departure', 462)
(100, 'departure', 460)
(105, 'departure', 466)
(110, 'departure', 464)
(115, 'departure', 461)
