24
(0, 'arrival', 352, 400, 200, 200, 200, 300, 400, 200, 300, 100, 384, 512, 256, 128, 512, 128, 256, 512, 384)
(5, 'departure', 352)
(10, 'arrival', 348, 200, 400, 200, 100, 400, 400, 400, 300, 100, 512, 128, 128, 256, 384, 128, 128, 128, 512)
(15, 'arrival', 349, 200, 300, 200, 200, 400, 300, 400, 200, 100, 256, 256, 256, 128, 384, 128, 384, 384, 384)
(20, 'arrival', 354, 100, 400, 300, 300, 200, 300, 200, 300, 100, 256, 128, 512, 512, 256, 384, 384, 512, 512)
(25, 'departure', 349)
(30, 'departure', 348)
(35, 'arrival', 355, 200, 300, 400, 400, 300, 300, 200, 100, 300, 256, 256, 128, 512, 384, 384, 512, 128, 256)
(40, 'arrival', 357, 400, 400, 400, 300, 200, 300, 400, 400, 100, 384, 384, 384, 512, 128, 512, 256, 128, 384)
(45, 'departure', 357)
(50, 'departure', 354)
(55, 'departure', 355)
(60, 'arrival', 350, 100, 100, 400, 100, 400, 100, 200, 400, 200, 512, 128, 384, 256, 384, 256, 128, 384, 512)
(65, 'arrival', 353, 100, 300, 200, 400, 400, 200, 400, 400, 400, 512, 128, 128, 256, 384, 384, 128, 384, 512)
(70, 'arrival', 351, 100, 100, 100, 400, 200, 100, 400, 300, 100, 256, 256, 384, 128, 128, 384, 384, 256, 384)
(75, 'arrival', 356, 400, 200, 200, 400, 300, 100, 200, 400, 400, 384, 512, 384, 256, 512, 384, 384, 512, 512)
(80, 'departure', 356)
(85, 'arrival', 359, 200, 400, 300, 100, 100, 100, 300, 300, 300, 512, 256, 512, 384, 512, 128, 128, 256, 128)
(90, 'departure', 359)
(95, 'arrival', 358, 200, 400, 400, 300, 100, 100, 400, 100, 400, 512, 512, 256, 256, 384, 512, 512, 256, 512)
(100, 'departure', 358)
(105, 'departure', 350)
(110, 'departure', 353)
(115, 'departure', 351)
