24
(0, 'arrival', 576, 100, 100, 300, 300, 400, 100, 100, 400, 200, 512, 256, 512, 512, 384, 384, 384, 384, 128)
(5, 'arrival', 584, 300, 300, 100, 200, 300, 300, 100, 200, 100, 384, 384, 128, 512, 512, 256, 256, 384, 512)
(10, 'departure', 576)
(15, 'arrival', 580, 200, 300, 300, 100, 200, 100, 300, 200, 200, 256, 256, 384, 256, 256, 512, 128, 384, 128)
(20, 'departure', 584)
(25, 'departure', 580)
(30, 'arrival', 577, 200, 400, 400, 400, 100, 200, 100, 100, 200, 128, 512, 384, 256, 128, 128, 384, 256, 512)
(35, 'arrival', 585, 400, 200, 300, 400, 400, 200, 300, 300, 100, 128, 512, 384, 384, 256, 256, 128, 128, 128)
(40, 'arrival', 586, 200, 200, 200, 200, 400, 300, 300, 400, 200, 256, 512, 128, 128, 384, 512, 384, 384, 384)
(45, 'arrival', 582, 400, 300, 200, 400, 400, 300, 200, 200, 300, 384, 128, 256, 256, 128, 512, 128, 128, 512)
(50, 'arrival', 587, 300, 400, 400, 200, 300, 100, 200, 200, 400, 256, 256, 256, 128, 384, 512, 128, 384, 512)
(55, 'arrival', 578, 300, 300, 300, 200, 100, 400, 400, 100, 400, 512, 128, 384, 256, 256, 128, 256, 128, 128)
(60, 'departure', 582)
(65, 'arrival', 581, 200, 400, 300, 400, 100, 300, 100, 300, 300, 384, 512, 384, 512, 384, 128, 512, 512, 128)
(70, 'arrival', 579, 200, 100, 100, 100, 300, 400, 300, 100, 300, 128, 384, 384, 512, 512, 256, 256, 384, 128)
(75, 'departure', 577)
(80, 'departure', 581)
(85, 'departure', 586)
(90, 'arrival', 583, 200, 300, 100, 400, 300, 300, 400, 100, 100, 512, 512, 384, 256, 128, 512, 256, 384, 128)
(95, 'departure', 583)
(100, 'departure', 578)
(105, 'departure', 579)
(110, 'departure', 587)
(115, 'departure', 585)
