24
(0, 'arrival', 159, 100, 200, 100, 100, 100, 200, 100, 300, 100, 256, 384, 512, 512, 384, 256, 512, 512, 256)
(5, 'arrival', 165, 200, 300, 300, 200, 200, 300, 200, 400, 200, 128, 256, 128, 256, 128, 512, 256, 256, 256)
(10, 'departure', 159)
(15, 'departure', 165)
(20, 'arrival', 162, 200, 300, 200, 100, 400, 200, 400, 200, 300, 256, 384, 384, 128, 128, 384, 256, 512, 512)
(25, 'departure', 162)
(30, 'arrival', 157, 300, 200, 300, 200, 400, 200, 300, 300, 100, 512, 128, 128, 384, 384, 384, 384, 384, 512)
(35, 'departure', 157)
(40, 'arrival', 163, 300, 400, 400, 200, 200, 100, 300, 200, 300, 512, 128, 384, 512, 256, 384, 384, 128, 256)
(45, 'departure', 163)
(50, 'arrival', 161, 400, 400, 300, 400, 400, 100, 200, 100, 300, 128, 128, 256, 384, 384, 256, 384, 256, 256)
(55, 'departure', 161)
(60, 'arrival', 160, 400, 300, 100, 300, 200, 200, 300, 100, 400, 256, 256, 384, 512, 512, 512, 256, 128, 512)
(65, 'arrival', 158, 100, 100, 200, 200, 300, 300, 400, 200, 200, 384, 256, 384, 128, 128, 384, 512, 384, 256)
(70, 'departure', 160)
(75, 'arrival', 167, 200, 100, 300, 300, 200, 100, 300, 100, 200, 384, 128, 384, 384, 384, 256, 128, 512, 384)
(80, 'arrival', 164, 400, 200, 300, 400, 300, 100, 400, 300, 100, 384, 512, 384, 128, 384, 128, 128, 512, 384)
(85, 'arrival', 166, 300, 300, 100, 200, 300, 100, 400, 200, 400, 384, 512, 384, 256, 512, 384, 256, 256, 512)
(90, 'departure', 167)
(95, 'departure', 164)
(100, 'arrival', 156, 200, 100, 100, 200, 100, 400, 400, 400, 100, 128, 128, 512, 512, 128, 128, 512, 256, 384)
(105, 'departure', 156)
(110, 'departure', 158)
(115, 'departure', 166)
