24
(0, 'arrival', 185, 200, 400, 300, 100, 300, 200, 100, 300, 400, 128, 128, 256, 384, 384, 128, 512, 128, 256)
(5, 'arrival', 190, 100, 300, 400, 300, 100, 100, 400, 300, 400, 384, 256, 384, 384, 128, 384, 384, 256, 384)
(10, 'arrival', 191, 100, 200, 100, 100, 200, 300, 300, 400, 200, 256, 128, 512, 384, 256, 128, 128, 256, 128)
(15, 'departure', 190)
(20, 'arrival', 181, 300, 200, 300, 400, 200, 300, 400, 100, 300, 384, 384, 256, 512, 384, 384, 128, 384, 256)
(25, 'departure', 181)
(30, 'arrival', 187, 300, 300, 300, 300, 300, 400, 200, 200, 200, 128, 128, 256, 256, 256, 512, 384, 512, 256)
(35, 'arrival', 184, 100, 300, 300, 200, 300, 100, 200, 200, 400, 512, 256, 512, 128, 128, 256, 256, 128, 128)
(40, 'departure', 187)
(45, 'arrival', 189, 100, 100, 200, 400, 400, 100, 300, 300, 300, 384, 512, 384, 256, 256, 384, 384, 128, 384)
(50, 'departure', 185)
(55, 'arrival', 186, 400, 200, 400, 300, 100, 300, 300, 400, 200, 256, 256, 128, 384, 512, 512, 384, 256, 128)
(60, 'arrival', 182, 100, 300, 400, 100, 300, 300, 400, 300, 200, 256, 256, 512, 256, 512, 256, 512, 512, 384)
(65, 'arrival', 188, 100, 400, 200, 100, 400, 100, 100, 200, 400, 256, 512, 256, 384, 512, 128, 128, 384, 512)
(70, 'arrival', 180, 100, 100, 200, 300, 100, 200, 300, 300, 200, 512, 256, 512, 128, 256, 512, 128, 512, 512)
(75, 'arrival', 183, 300, 100, 100, 300, 400, 300, 300, 400, 100, 256, 512, 384, 128, 256, 256, 256, 384, 384)
(80, 'departure', 184)
(85, 'departure', 189)
(90, 'departure', 186)
(95, 'departure', 182)
(100, 'departure', 188)
(105, 'departure', 180)
(110, 'departure', 191)
(115, 'departure', 183)
