24
(0, 'arrival', 399, 300, 400, 200, 200, 300, 200, 100, 400, 400, 384, 384, 384, 128, 512, 512, 256, 256, 256)
(5, 'arrival', 404, 400, 200, 300, 200, 300, 300, 300, 300, 400, 256, 256, 384, 128, 128, 128, 256, 384, 512)
(10, 'arrival', 406, 400, 100, 400, 300, 300, 300, 300, 100, 400, 256, 512, 128, 128, 512, 256, 256, 512, 256)
(15, 'arrival', 402, 400, 300, 400, 400, 100, 400, 400, 300, 300, 128, 384, 256, 512, 256, 256, 256, 512, 128)
(20, 'departure', 399)
(25, 'departure', 404)
(30, 'departure', 406)
(35, 'departure', 402)
(40, 'arrival', 400, 300, 100, 400, 100, 200, 200, 400, 200, 400, 512, 128, 512, 384, 512, 384, 384, 256, 384)
(45, 'arrival', 407, 200, 300, 300, 200, 100, 200, 100, 400, 400, 128, 384, 128, 384, 256, 256, 384, 128, 128)
(50, 'departure', 400)
(55, 'departure', 407)
(60, 'arrival', 398, 100, 100, 200, 300, 400, 300, 200, 300, 100, 384, 128, 128, 128, 256, 384, 256, 384, 128)
(65, 'arrival', 403, 400, 300, 200, 300, 300, 300, 300, 200, 100, 128, 384, 384, 512, 128, 384, 256, 128, 256)
(70, 'departure', 403)
(75, 'departure', 398)
(80, 'arrival', 401, 300, 400, 200, 400, 400, 100, 200, 100, 400, 256, 512, 256, 256, 384, 384, 256, 256, 512)
(85, 'departure', 401)
(90, 'arrival', 405, 400, 200, 200, 400, 400, 100, 400, 200, 200, 128, 256, 256, 128, 256, 128, 384, 128, 512)
(95, 'departure', 405)
(100, 'arrival', 397, 200, 100, 300, 300, 200, 200, 400, 400, 100, 384, 128, 512, 128, 256, 128, 384, 256, 384)
(105, 'departure', 397)
(110, 'arrival', 396, 200, 100, 100, 300, 300, 100, 300, 100, 200, 256, 128, 128, 384, 256, 384, 512, 128, 128)
(115, 'departure', 396)
