24
(0, 'arrival', 380, 300, 200, 400, 200, 400, 100, 100, 200, 100, 384, 512, 256, 384, 512, 256, 384, 384, 256)
(5, 'departure', 380)
(10, 'arrival', 372, 400, 300, 100, 300, 100, 200, 400, 400, 100, 128, 128, 256, 512, 384, 512, 128, 384, 128)
(15, 'departure', 372)
(20, 'arrival', 383, 200, 100, 400, 200, 100, 200, 100, 300, 300, 128, 128, 384, 128, 512, 512, 384, 256, 512)
(25, 'arrival', 374, 400, 100, 200, 400, 200, 300, 100, 100, 300, 512, 128, 512, 256, 256, 512, 128, 128, 512)
(30, 'arrival', 377, 200, 400, 400, 300, 300, 400, 100, 300, 400, 512, 512, 256, 256, 128, 512, 128, 512, 256)
(35, 'arrival', 375, 100, 300, 200, 300, 200, 200, 200, 300, 400, 512, 256, 256, 128, 128, 128, 512, 384, 128)
(40, 'departure', 375)
(45, 'departure', 377)
(50, 'departure', 383)
(55, 'departure', 374)
(60, 'arrival', 373, 400, 100, 400, 100, 100, 100, 300, 200, 200, 128, 384, 128, 512, 384, 384, 256, 256, 512)
(65, 'departure', 373)
(70, 'arrival', 379, 200, 100, 200, 200, 100, 300, 100, 100, 400, 128, 128, 256, 384, 384, 512, 512, 384, 384)
(75, 'departure', 379)
(80, 'arrival', 378, 200, 400, 200, 200, 100, 300, 400, 200, 200, 512, 512, 128, 256, 128, 256, 128, 256, 512)
(85, 'arrival', 381, 400, 200, 400, 400, 300, 100, 100, 300, 300, 512, 256, 256, 384, 512, 256, 256, 128, 256)
(90, 'arrival', 376, 200, 400, 300, 300, 100, 300, 100, 300, 400, 256, 256, 128, 512, 256, 384, 384, 512, 384)
(95, 'arrival', 382, 200, 300, 100, 300, 100, 300, 100, 400, 100, 384, 128, 128, 512, 128, 512, 256, 384, 384)
(100, 'departure', 382)
(105, 'departure', 381)
(110, 'departure', 378)
(115, 'departure', 376)
