24
(0, 'arrival', 506, 100, 300, 200, 100, 300, 300, 200, 400, 400, 384, 512, 128, 512, 384, 512, 128, 128, 128)
(5, 'arrival', 508, 100, 200, 200, 200, 100, 200, 100, 400, 300, 512, 256, 256, 512, 128, 128, 384, 128, 384)
(10, 'departure', 506)
(15, 'departure', 508)
(20, 'arrival', 513, 300, 300, 300, 400, 200, 200, 400, 200, 100, 384, 384, 256, 512, 256, 384, 256, 128, 512)
(25, 'departure', 513)
(30, 'arrival', 511, 400, 300, 100, 300, 200, 300, 100, 400, 100, 128, 512, 512, 256, 512, 256, 384, 384, 256)
(35, 'arrival', 515, 200, 300, 300, 300, 100, 300, 100, 200, 200, 128, 256, 512, 128, 512, 128, 256, 128, 384)
(40, 'arrival', 507, 400, 100, 200, 400, 300, 300, 100, 100, 200, 128, 384, 384, 128, 384, 384, 512, 512, 512)
(45, 'arrival', 512, 400, 100, 300, 100, 300, 400, 300, 400, 100, 128, 512, 512, 128, 512, 128, 128, 128, 384)
(50, 'arrival', 509, 100, 200, 100, 200, 200, 300, 300, 400, 400, 384, 128, 256, 384, 256, 512, 384, 384, 512)
(55, 'departure', 512)
(60, 'departure', 511)
(65, 'departure', 515)
(70, 'arrival', 505, 200, 300, 300, 100, 200, 400, 100, 100, 300, 128, 384, 384, 128, 384, 256, 128, 384, 512)
(75, 'arrival', 514, 100, 100, 200, 300, 400, 200, 300, 200, 400, 128, 512, 128, 512, 384, 256, 256, 512, 256)
(80, 'departure', 514)
(85, 'departure', 505)
(90, 'arrival', 510, 100, 300, 400, 300, 100, 400, 100, 200, 300, 512, 512, 512, 128, 128, 384, 512, 384, 512)
(95, 'arrival', 504, 300, 300, 100, 300, 300, 300, 100, 100, 200, 384, 128, 384, 384, 512, 512, 256, 256, 512)
(100, 'departure', 504)
(105, 'departure', 509)
(110, 'departure', 510)
(115, 'departure', 507)
