24
(0, 'arrival', 345, 100, 400, 400, 100, 100, 300, 300, 200, 400, 384, 128, 384, 256, 384, 384, 512, 384, 384)
(5, 'arrival', 346, 100, 200, 400, 200, 100, 300, 300, 300, 400, 384, 128, 256, 256, 128, 128, 128, 128, 512)
(10, 'arrival', 343, 100, 400, 100, 400, 400, 100, 100, 300, 300, 384, 128, 384, 256, 512, 128, 512, 256, 512)
(15, 'arrival', 339, 200, 400, 200, 300, 400, 400, 300, 200, 100, 128, 384, 512, 384, 512, 512, 128, 384, 128)
(20, 'departure', 345)
(25, 'departure', 343)
(30, 'arrival', 337, 300, 400, 400, 300, 300, 200, 200, 100, 400, 512, 256, 256, 256, 512, 256, 256, 128, 512)
(35, 'departure', 346)
(40, 'departure', 337)
(45, 'departure', 339)
(50, 'arrival', 340, 400, 300, 300, 300, 100, 100, 300, 400, 400, 384, 512, 128, 256, 128, 256, 384, 512, 128)
(55, 'arrival', 344, 300, 300, 100, 100, 200, 300, 400, 300, 300, 256, 128, 128, 512, 512, 384, 512, 512, 384)
(60, 'departure', 340)
(65, 'arrival', 338, 300, 100, 400, 400, 300, 100, 400, 400, 200, 256, 384, 512, 512, 128, 512, 256, 256, 512)
(70, 'departure', 344)
(75, 'departure', 338)
(80, 'arrival', 341, 400, 400, 200, 100, 400, 200, 400, 300, 300, 384, 512, 256, 384, 384, 256, 384, 512, 256)
(85, 'arrival', 342, 400, 100, 100, 300, 100, 300, 200, 100, 100, 384, 256, 128, 256, 512, 512, 256, 384, 256)
(90, 'departure', 342)
(95, 'arrival', 347, 400, 200, 400, 400, 400, 200, 400, 100, 300, 512, 512, 512, 128, 128, 128, 384, 384, 384)
(100, 'departure', 341)
(105, 'arrival', 336, 200, 200, 200, 100, 100, 100, 300, 400, 400, 128, 512, 256, 128, 256, 256, 256, 256, 128)
(110, 'departure', 347)
(115, 'departure', 336)
