24
(0, 'arrival', 65, 100, 300, 100, 100, 300, 100, 300, 100, 100, 128, 384, 384, 384, 384, 256, 384, 512, 384)
(5, 'arrival', 63, 300, 200, 300, 300, 400, 200, 400, 400, 400, 128, 128, 256, 512, 128, 512, 128, 256, 256)
(10, 'arrival', 71, 200, 200, 300, 300, 100, 300, 400, 300, 300, 256, 384, 256, 384, 128, 512, 256, 128, 384)
(15, 'arrival', 60, 300, 200, 200, 300, 300, 100, 200, 300, 400, 512, 512, 512, 128, 512, 128, 256, 384, 256)
(20, 'departure', 60)
(25, 'departure', 65)
(30, 'departure', 63)
(35, 'departure', 71)
(40, 'arrival', 69, 400, 100, 200, 400, 100, 200, 400, 100, 300, 256, 256, 512, 512, 256, 128, 256, 128, 128)
(45, 'departure', 69)
(50, 'arrival', 62, 300, 300, 200, 200, 400, 300, 300, 400, 100, 512, 384, 128, 256, 512, 384, 512, 384, 384)
(55, 'arrival', 64, 300, 300, 300, 100, 300, 400, 400, 200, 400, 512, 256, 256, 256, 256, 384, 256, 256, 384)
(60, 'departure', 62)
(65, 'arrival', 66, 300, 200, 100, 200, 200, 300, 400, 400, 400, 128, 128, 512, 256, 256, 512, 256, 512, 128)
(70, 'departure', 64)
(75, 'departure', 66)
(80, 'arrival', 67, 100, 400, 400, 400, 200, 400, 100, 100, 100, 384, 128, 128, 512, 256, 128, 128, 512, 256)
(85, 'departure', 67)
(90, 'arrival', 61, 400, 300, 100, 300, 200, 400, 100, 200, 400, 128, 256, 512, 256, 256, 512, 128, 384, 128)
(95, 'departure', 61)
(100, 'arrival', 68, 400, 400, 100, 200, 100, 200, 200, 300, 400, 384, 256, 384, 256, 256, 256, 128, 384, 512)
(105, 'departure', 68)
(110, 'arrival', 70, 400, 400, 200, 100, 100, 300, 100, 300, 100, 128, 128, 256, 384, 512, 384, 384, 256, 384)
(115, 'departure', 70)
