24
(0, 'arrival', 493, 100, 200, 400, 100, 100, 100, 300, 400, 100, 512, 128, 512, 512, 256, 128, 384, 256, 256)
(5, 'departure', 493)
(10, 'arrival', 494, 200, 100, 200, 100, 100, 300, 100, 300, 200, 512, 512, 512, 128, 512, 256, 128, 512, 384)
(15, 'arrival', 492, 100, 100, 300, 300, 200, 400, 100, 300, 300, 128, 128, 384, 128, 256, 512, 512, 384, 256)
(20, 'departure', 492)
(25, 'departure', 494)
(30, 'arrival', 503, 100, 200, 200, 300, 100, 200, 400, 100, 300, 384, 128, 512, 384, 384, 384, 384, 384, 256)
(35, 'departure', 503)
(40, 'arrival', 496, 100, 400, 100, 300, 200, 400, 400, 400, 400, 384, 384, 128, 256, 256, 128, 128, 128, 384)
(45, 'departure', 496)
(50, 'arrival', 502, 400, 400, 300, 300, 100, 300, 100, 300, 100, 384, 256, 512, 512, 128, 128, 128, 512, 128)
(55, 'departure', 502)
(60, 'arrival', 495, 200, 300, 200, 200, 100, 100, 400, 200, 100, 256, 256, 512, 384, 128, 512, 384, 128, 128)
(65, 'departure', 495)
(70, 'arrival', 499, 200, 400, 200, 400, 100, 200, 400, 300, 100, 256, 256, 256, 256, 128, 512, 384, 512, 256)
(75, 'departure', 499)
(80, 'arrival', 497, 200, 100, 400, 200, 400, 300, 300, 200, 100, 128, 384, 256, 256, 512, 512, 256, 512, 128)
(85, 'arrival', 501, 100, 100, 200, 100, 400, 200, 100, 300, 300, 128, 128, 512, 128, 128, 128, 512, 384, 512)
(90, 'departure', 501)
(95, 'departure', 497)
(100, 'arrival', 500, 400, 200, 100, 300, 200, 400, 400, 100, 100, 384, 128, 128, 512, 256, 384, 384, 256, 256)
(105, 'arrival', 498, 200, 200, 100, 100, 400, 200, 400, 300, 200, 512, 256, 512, 256, 256, 128, 128, 512, 384)
(110, 'departure', 500)
(115, 'departure', 498)
