24
(0, 'arrival', 110, 300, 300, 300, 300, 200, 300, 300, 100, 100, 256, 128, 512, 256, 512, 512, 256, 512, 512)
(5, 'departure', 110)
(10, 'arrival', 113, 200, 200, 200, 400, 200, 300, 200, 100, 100, 512, 512, 384, 384, 384, 128, 256, 512, 512)
(15, 'departure', 113)
(20, 'arrival', 111, 100, 300, 200, 100, 300, 300, 300, 100, 200, 384, 384, 128, 384, 512, 384, 128, 256, 384)
(25, 'arrival', 109, 300, 400, 100, 400, 300, 400, 100, 300, 200, 384, 512, 128, 128, 384, 512, 512, 256, 384)
(30, 'departure', 111)
(35, 'departure', 109)
(40, 'arrival', 119, 100, 100, 300, 300, 300, 400, 400, 200, 400, 128, 384, 256, 512, 384, 384, 512, 512, 512)
(45, 'departure', 119)
(50, 'arrival', 117, 300, 400, 100, 100, 400, 200, 200, 100, 400, 384, 384, 384, 512, 128, 256, 384, 256, 512)
(55, 'departure', 117)
(60, 'arrival', 118, 200, 400, 400, 100, 300, 400, 300, 400, 300, 512, 512, 128, 256, 256, 384, 512, 128, 256)
(65, 'departure', 118)
(70, 'arrival', 115, 200, 200, 100, 200, 300, 300, 200, 300, 200, 384, 128, 384, 256, 384, 384, 512, 512, 384)
(75, 'arrival', 112, 100, 200, 400, 100, 200, 400, 400, 300, 400, 128, 384, 256, 384, 512, 256, 512, 512, 512)
(80, 'arrival', 114, 100, 400, 100, 400, 100, 200, 400, 300, 200, 256, 256, 128, 256, 512, 512, 512, 128, 384)
(85, 'departure', 115)
(90, 'departure', 114)
(95, 'departure', 112)
(100, 'arrival', 108, 100, 400, 200, 300, 400, 100, 100, 200, 200, 512, 256, 512, 128, 128, 256, 256, 256, 512)
(105, 'arrival', 116, 300, 100, 400, 400, 200, 100, 100, 300, 300, 512, 384, 256, 128, 128, 256, 384, 384, 128)
(110, 'departure', 116)
(115, 'departure', 108)
