24
(0, 'arrival', 591, 100, 200, 100, 100, 200, 200, 100, 400, 300, 128, 128, 512, 256, 512, 384, 512, 512, 256)
(5, 'departure', 591)
(10, 'arrival', 594, 300, 100, 300, 400, 400, 200, 100, 100, 400, 128, 384, 128, 384, 512, 256, 512, 384, 512)
(15, 'arrival', 597, 300, 200, 100, 200, 300, 200, 400, 200, 100, 128, 128, 128, 128, 512, 384, 128, 384, 256)
(20, 'arrival', 596, 100, 400, 200, 300, 300, 300, 300, 400, 300, 384, 128, 256, 256, 128, 384, 512, 256, 384)
(25, 'departure', 596)
(30, 'arrival', 588, 200, 300, 300, 300, 300, 100, 400, 200, 100, 128, 128, 128, 384, 128, 256, 384, 384, 384)
(35, 'arrival', 599, 200, 400, 300, 400, 300, 300, 300, 400, 200, 128, 512, 128, 384, 384, 256, 512, 384, 384)
(40, 'arrival', 590, 200, 300, 200, 300, 300, 400, 400, 400, 100, 128, 512, 512, 128, 256, 512, 384, 256, 128)
(45, 'departure', 597)
(50, 'departure', 599)
(55, 'arrival', 593, 200, 100, 400, 400, 300, 300, 300, 100, 200, 512, 128, 256, 384, 512, 128, 512, 256, 512)
(60, 'arrival', 589, 200, 100, 300, 200, 300, 400, 300, 400, 400, 384, 512, 128, 128, 128, 384, 256, 512, 128)
(65, 'departure', 589)
(70, 'departure', 593)
(75, 'departure', 590)
(80, 'departure', 594)
(85, 'arrival', 598, 200, 200, 300, 400, 400, 200, 300, 400, 100, 256, 384, 128, 256, 128, 384, 384, 512, 128)
(90, 'arrival', 595, 100, 100, 300, 100, 100, 200, 300, 200, 200, 512, 256, 256, 128, 256, 384, 384, 384, 512)
(95, 'arrival', 592, 100, 100, 400, 100, 400, 400, 200, 300, 300, 128, 384, 256, 256, 256, 512, 384, 128, 512)
(100, 'departure', 592)
(105, 'departure', 598)
(110, 'departure', 588)
(115, 'departure', 595)
