24
(0, 'arrival', 78, 100, 400, 200, 100, 100, 200, 400, 300, 200, 256, 512, 384, 384, 384, 128, 128, 128, 384)
(5, 'departure', 78)
(10, 'arrival', 72, 100, 400, 100, 400, 200, 200, 400, 300, 100, 128, 256, 384, 384, 128, 256, 256, 256, 256)
(15, 'departure', 72)
(20, 'arrival', 81, 400, 300, 300, 400, 400, 100, 300, 100, 400, 512, 256, 384, 128, 384, 256, 384, 512, 256)
(25, 'arrival', 82, 200, 300, 400, 300, 300, 300, 400, 400, 400, 128, 256, 512, 384, 512, 256, 128, 384, 512)
(30, 'arrival', 80, 300, 100, 400, 400, 300, 400, 300, 300, 100, 128, 256, 256, 512, 384, 128, 128, 512, 256)
(35, 'departure', 82)
(40, 'departure', 81)
(45, 'departure', 80)
(50, 'arrival', 79, 300, 100, 100, 400, 300, 100, 400, 200, 200, 384, 128, 256, 384, 128, 384, 384, 128, 128)
(55, 'arrival', 73, 400, 100, 100, 300, 300, 300, 400, 400, 300, 128, 512, 256, 512, 256, 256, 384, 384, 256)
(60, 'departure', 73)
(65, 'arrival', 75, 200, 100, 300, 400, 300, 100, 200, 200, 300, 384, 128, 256, 512, 256, 256, 128, 384, 128)
(70, 'arrival', 76, 200, 100, 200, 100, 200, 400, 400, 300, 100, 384, 256, 384, 384, 384, 128, 512, 384, 256)
(75, 'departure', 76)
(80, 'arrival', 77, 200, 300, 300, 300, 100, 200, 400, 300, 300, 256, 256, 256, 128, 128, 512, 384, 512, 256)
(85, 'arrival', 83, 300, 200, 400, 200, 200, 100, 300, 400, 200, 384, 384, 256, 512, 128, 256, 512, 512, 512)
(90, 'departure', 77)
(95, 'departure', 83)
(100, 'departure', 75)
(105, 'arrival', 74, 200, 200, 200, 300, 100, 100, 200, 300, 400, 256, 384, 256, 128, 512, 128, 512, 512, 128)
(110, 'departure', 74)
(115, 'departure', 79)
