24
(0, 'arrival', 416, 300, 400, 200, 400, 400, 400, 400, 300, 100, 384, 256, 512, 256, 128, 128, 128, 128, 512)
(5, 'arrival', 419, 300, 100, 100, 100, 200, 200, 100, 200, 300, 256, 384, 512, 256, 512, 384, 384, 256, 128)
(10, 'departure', 416)
(15, 'departure', 419)
(20, 'arrival', 414, 400, 300, 300, 400, 200, 200, 400, 300, 300, 384, 128, 256, 384, 256, 512, 256, 256, 384)
(25, 'arrival', 417, 300, 400, 100, 200, 400, 100, 100, 100, 400, 256, 128, 128, 384, 128, 256, 384, 128, 128)
(30, 'departure', 417)
(35, 'arrival', 418, 300, 200, 100, 300, 200, 400, 100, 200, 300, 384, 256, 512, 128, 256, 256, 384, 256, 384)
(40, 'departure', 418)
(45, 'arrival', 410, 400, 300, 300, 100, 200, 400, 200, 300, 400, 256, 512, 128, 512, 128, 256, 512, 384, 512)
(50, 'departure', 410)
(55, 'departure', 414)
(60, 'arrival', 411, 400, 200, 100, 300, 300, 400, 300, 100, 300, 384, 384, 384, 512, 256, 256, 512, 384, 512)
(65, 'departure', 411)
(70, 'arrival', 413, 100, 300, 400, 200, 200, 100, 300, 300, 400, 256, 512, 384, 256, 256, 512, 256, 256, 128)
(75, 'departure', 413)
(80, 'arrival', 412, 300, 200, 200, 400, 100, 300, 400, 400, 100, 512, 256, 512, 512, 512, 512, 256, 256, 256)
(85, 'arrival', 415, 400, 100, 100, 200, 200, 100, 200, 300, 400, 512, 512, 512, 512, 128, 128, 128, 256, 128)
(90, 'arrival', 409, 100, 300, 300, 400, 400, 300, 300, 100, 200, 128, 512, 512, 384, 128, 128, 256, 128, 128)
(95, 'arrival', 408, 300, 100, 200, 300, 100, 400, 100, 100, 300, 384, 512, 384, 512, 128, 128, 512, 128, 256)
(100, 'departure', 408)
(105, 'departure', 409)
(110, 'departure', 415)
(115, 'departure', 412)
