24
(0, 'arrival', 30, 300, 400, 100, 400, 100, 300, 300, 200, 300, 128, 256, 512, 512, 128, 256, 384, 256, 256)
(5, 'arrival', 27, 300, 200, 300, 300, 200, 400, 200, 100, 400, 128, 256, 512, 128, 128, 128, 256, 512, 128)
(10, 'departure', 27)
(15, 'arrival', 32, 400, 300, 300, 200, 300, 300, 300, 100, 300, 256, 384, 128, 384, 384, 128, 384, 256, 128)
(20, 'departure', 30)
(25, 'arrival', 25, 300, 100, 100, 200, 300, 400, 100, 200, 400, 512, 512, 512, 384, 256, 128, 384, 256, 512)
(30, 'departure', 32)
(35, 'arrival', 29, 400, 300, 100, 100, 400, 100, 100, 400, 300, 256, 128, 128, 512, 512, 128, 384, 256, 128)
(40, 'departure', 25)
(45, 'arrival', 35, 300, 200, 300, 100, 100, 200, 400, 400, 200, 384, 128, 256, 128, 256, 512, 512, 256, 512)
(50, 'arrival', 26, 200, 400, 200, 200, 200, 400, 100, 200, 200, 512, 128, 256, 128, 384, 384, 256, 384, 512)
(55, 'departure', 35)
(60, 'arrival', 33, 300, 200, 100, 100, 400, 300, 300, 200, 100, 512, 384, 128, 128, 384, 256, 128, 512, 128)
(65, 'departure', 29)
(70, 'arrival', 31, 400, 100, 200, 300, 200, 400, 100, 400, 200, 384, 128, 384, 512, 256, 128, 256, 384, 512)
(75, 'arrival', 34, 100, 400, 400, 100, 300, 200, 100, 100, 400, 128, 384, 512, 128, 256, 128, 384, 128, 384)
(80, 'arrival', 24, 300, 200, 300, 300, 300, 200, 100, 300, 300, 384, 512, 512, 384, 512, 128, 128, 384, 512)
(85, 'departure', 34)
(90, 'arrival', 28, 100, 300, 300, 300, 300, 400, 400, 100, 200, 128, 256, 512, 512, 384, 384, 128, 256, 384)
(95, 'departure', 24)
(100, 'departure', 28)
(105, 'departure', 26)
(110, 'departure', 33)
(115, 'departure', 31)
