24
(0, 'arrival', 565, 400, 100, 400, 100, 200, 100, 300, 200, 300, 256, 384, 256, 512, 384, 384, 128, 128, 128)
(5, 'arrival', 573, 100, 300, 400, 200, 100, 300, 200, 400, 200, 128, 512, 512, 256, 384, 128, 128, 128, 256)
(10, 'departure', 573)
(15, 'departure', 565)
(20, 'arrival', 568, 100, 300, 200, 300, 300, 400, 300, 400, 100, 512, 256, 256, 384, 128, 384, 128, 384, 384)
(25, 'departure', 568)
(30, 'arrival', 570, 300, 400, 100, 100, 300, 400, 100, 400, 100, 256, 384, 256, 256, 384, 128, 512, 512, 512)
(35, 'departure', 570)
(40, 'arrival', 569, 100, 200, 400, 300, 100, 200, 100, 400, 400, 512, 384, 384, 128, 128, 128, 384, 384, 512)
(45, 'arrival', 567, 300, 400, 400, 200, 100, 200, 200, 200, 300, 256, 384, 256, 384, 512, 128, 384, 256, 384)
(50, 'departure', 569)
(55, 'departure', 567)
(60, 'arrival', 564, 100, 400, 200, 100, 100, 300, 400, 400, 100, 256, 384, 256, 256, 512, 384, 384, 384, 128)
(65, 'arrival', 575, 200, 400, 100, 100, 400, 300, 200, 200, 300, 384, 512, 128, 128, 128, 256, 256, 384, 256)
(70, 'departure', 575)
(75, 'arrival', 566, 300, 100, 300, 400, 400, 400, 200, 200, 300, 512, 512, 256, 512, 256, 512, 128, 512, 512)
(80, 'departure', 564)
(85, 'arrival', 571, 100, 400, 200, 300, 200, 300, 100, 300, 400, 128, 256, 128, 512, 384, 512, 256, 384, 512)
(90, 'arrival', 574, 100, 200, 400, 400, 400, 400, 400, 400, 400, 512, 128, 256, 128, 384, 128, 128, 256, 128)
(95, 'departure', 571)
(100, 'departure', 574)
(105, 'departure', 566)
(110, 'arrival', 572, 300, 400, 200, 400, 300, 300, 100, 300, 400, 128, 512, 384, 256, 512, 128, 512, 128, 512)
(115, 'departure', 572)
