24
(0, 'arrival', 13, 400, 300, 400, 400, 300, 100, 400, 200, 200, 256, 256, 384, 384, 256, 128, 128, 128, 512)
(5, 'arrival', 21, 400, 300, 300, 200, 300, 100, 300, 300, 100, 512, 256, 256, 512, 128, 384, 256, 512, 128)
(10, 'departure', 21)
(15, 'departure', 13)
(20, 'arrival', 12, 300, 200, 100, 400, 100, 100, 100, 400, 100, 256, 256, 384, 384, 256, 512, 128, 512, 128)
(25, 'departure', 12)
(30, 'arrival', 16, 200, 100, 200, 400, 300, 200, 300, 200, 200, 128, 256, 256, 256, 256, 128, 512, 256, 384)
(35, 'arrival', 18, 400, 100, 300, 400, 200, 200, 300, 400, 400, 256, 512, 128, 384, 512, 128, 512, 384, 384)
(40, 'arrival', 15, 300, 400, 400, 200, 400, 200, 100, 400, 200, 384, 256, 384, 128, 512, 512, 128, 128, 256)
(45, 'departure', 16)
(50, 'departure', 18)
(55, 'departure', 15)
(60, 'arrival', 20, 100, 300, 400, 100, 200, 200, 400, 300, 100, 512, 512, 512, 384, 384, 384, 256, 128, 256)
(65, 'departure', 20)
(70, 'arrival', 22, 400, 100, 100, 200, 400, 400, 300, 400, 400, 512, 256, 256, 512, 384, 128, 256, 256, 384)
(75, 'departure', 22)
(80, 'arrival', 23, 100, 100, 400, 100, 100, 100, 100, 400, 300, 384, 384, 384, 384, 384, 256, 128, 128, 384)
(85, 'departure', 23)
(90, 'arrival', 17, 100, 400, 300, 200, 200, 100, 100, 300, 300, 384, 512, 256, 256, 384, 128, 128, 384, 256)
(95, 'arrival', 19, 200, 200, 200, 400, 300, 300, 300, 200, 400, 384, 384, 384, 256, 128, 512, 512, 512, 512)
(100, 'departure', 19)
(105, 'departure', 17)
(110, 'arrival', 14, 200, 300, 200, 100, 300, 400, 100, 400, 200, 384, 512, 128, 128, 384, 128, 128, 128, 384)
(115, 'departure', 14)
