24
(0, 'arrival', 256, 200, 400, 300, 200, 300, 400, 100, 100, 300, 512, 128, 384, 512, 384, 256, 128, 256, 256)
(5, 'arrival', 261, 200, 300, 200, 400, 200, 400, 200, 300, 300, 512, 256, 384, 512, 128, 256, 128, 256, 256)
(10, 'arrival', 262, 200, 400, 200, 300, 300, 400, 200, 300, 200, 128, 256, 384, 384, 512, 384, 128, 256, 512)
(15, 'arrival', 253, 200, 200, 100, 300, 400, 200, 100, 400, 300, 512, 256, 384, 384, 512, 128, 256, 256, 256)
(20, 'departure', 261)
(25, 'arrival', 260, 100, 100, 200, 200, 200, 300, 100, 400, 400, 512, 384, 512, 128, 256, 512, 384, 384, 256)
(30, 'arrival', 259, 400, 400, 200, 400, 200, 300, 200, 300, 300, 512, 128, 512, 256, 384, 256, 128, 256, 128)
(35, 'arrival', 258, 200, 300, 300, 300, 100, 200, 200, 300, 100, 256, 128, 128, 512, 384, 384, 384, 128, 256)
(40, 'arrival', 252, 200, 400, 400, 200, 400, 200, 400, 300, 100, 384, 128, 384, 128, 384, 384, 384, 128, 256)
(45, 'departure', 252)
(50, 'departure', 262)
(55, 'arrival', 254, 200, 200, 200, 100, 300, 300, 300, 100, 100, 512, 512, 384, 384, 256, 384, 384, 384, 384)
(60, 'departure', 260)
(65, 'arrival', 263, 200, 200, 200, 400, 400, 200, 200, 400, 100, 384, 512, 384, 256, 256, 384, 512, 384, 128)
(70, 'departure', 256)
(75, 'departure', 254)
(80, 'departure', 263)
(85, 'arrival', 255, 100, 400, 400, 400, 200, 300, 200, 200, 100, 128, 256, 128, 128, 512, 512, 128, 128, 384)
(90, 'arrival', 257, 300, 100, 100, 300, 200, 300, 300, 300, 400, 512, 384, 128, 256, 512, 256, 128, 512, 512)
(95, 'departure', 255)
(100, 'departure', 253)
(105, 'departure', 258)
(110, 'departure', 259)
(115, 'departure', 257)
