24
(0, 'arrival', 219, 400, 400, 400, 400, 200, 400, 400, 400, 200, 128, 384, 128, 128, 512, 384, 256, 256, 512)
(5, 'departure', 219)
(10, 'arrival', 224, 300, 100, 200, 300, 100, 200, 400, 300, 100, 384, 512, 128, 256, 256, 384, 384, 128, 128)
(15, 'departure', 224)
(20, 'arrival', 217, 300, 100, 400, 100, 200, 400, 300, 300, 200, 256, 128, 512, 384, 384, 512, 512, 128, 512)
(25, 'arrival', 227, 300, 200, 200, 400, 100, 300, 100, 100, 400, 512, 512, 512, 128, 128, 256, 256, 128, 256)
(30, 'arrival', 223, 400, 400, 100, 100, 300, 200, 200, 100, 100, 512, 512, 512, 256, 128, 512, 256, 512, 512)
(35, 'departure', 217)
(40, 'departure', 227)
(45, 'arrival', 218, 100, 100, 400, 400, 200, 400, 400, 300, 300, 512, 512, 384, 128, 256, 128, 128, 384, 256)
(50, 'arrival', 225, 300, 300, 400, 100, 400, 200, 200, 400, 100, 384, 384, 512, 512, 256, 128, 128, 256, 384)
(55, 'arrival', 226, 400, 100, 100, 200, 400, 200, 300, 200, 200, 128, 128, 384, 384, 512, 128, 384, 512, 256)
(60, 'departure', 223)
(65, 'departure', 226)
(70, 'arrival', 220, 200, 300, 400, 400, 300, 100, 300, 200, 400, 512, 256, 512, 256, 512, 512, 512, 128, 256)
(75, 'departure', 225)
(80, 'arrival', 216, 300, 300, 300, 200, 100, 100, 200, 400, 200, 128, 256, 512, 512, 256, 512, 128, 512, 128)
(85, 'departure', 216)
(90, 'arrival', 221, 300, 400, 100, 100, 200, 200, 400, 300, 100, 512, 384, 384, 128, 128, 384, 512, 384, 384)
(95, 'departure', 218)
(100, 'departure', 221)
(105, 'arrival', 222, 200, 400, 100, 200, 400, 100, 100, 300, 100, 128, 512, 384, 256, 512, 512, 512, 512, 384)
(110, 'departure', 222)
(115, 'departure', 220)
