24
(0, 'arrival', 199, 400, 200, 300, 400, 300, 400, 100, 400, 400, 256, 256, 384, 256, 512, 256, 256, 256, 128)
(5, 'arrival', 195, 300, 200, 300, 400, 300, 100, 400, 400, 200, 128, 512, 256, 384, 512, 128, 384, 512, 256)
(10, 'arrival', 196, 200, 200, 200, 300, 100, 100, 300, 100, 200, 512, 256, 512, 384, 512, 512, 384, 384, 256)
(15, 'arrival', 202, 300, 300, 300, 200, 400, 400, 200, 200, 200, 512, 256, 256, 384, 512, 512, 256, 256, 128)
(20, 'departure', 195)
(25, 'arrival', 203, 400, 100, 300, 300, 200, 100, 300, 400, 300, 128, 256, 384, 128, 384, 512, 384, 128, 128)
(30, 'arrival', 198, 200, 400, 400, 300, 400, 200, 100, 200, 400, 512, 512, 384, 128, 512, 512, 512, 256, 128)
(35, 'departure', 202)
(40, 'departure', 203)
(45, 'departure', 198)
(50, 'arrival', 201, 300, 200, 200, 300, 300, 100, 100, 100, 200, 384, 384, 128, 384, 384, 256, 512, 384, 256)
(55, 'departure', 201)
(60, 'departure', 199)
(65, 'arrival', 194, 100, 400, 100, 200, 200, 100, 200, 300, 400, 256, 256, 384, 512, 384, 512, 512, 128, 384)
(70, 'departure', 196)
(75, 'departure', 194)
(80, 'arrival', 200, 400, 300, 100, 100, 100, 300, 300, 100, 400, 384, 256, 384, 512, 256, 384, 384, 256, 384)
(85, 'departure', 200)
(90, 'arrival', 192, 300, 300, 100, 300, 200, 300, 100, 200, 400, 512, 384, 384, 256, 384, 512, 512, 256, 384)
(95, 'departure', 192)
(100, 'arrival', 197, 200, 300, 300, 300, 100, 300, 100, 300, 200, 384, 512, 128, 256, 512, 256, 256, 384, 256)
(105, 'arrival', 193, 300, 200, 200, 400, 300, 300, 200, 400, 100, 256, 384, 384, 384, 384, 384, 128, 128, 512)
(110, 'departure', 197)
(115, 'departure', 193)
