24
(0, 'arrival', 205, 200, 200, 100, 200, 200, 200, 400, 400, 300, 384, 128, 384, 384, 384, 128, 384, 512, 256)
(5, 'departure', 205)
(10, 'arrival', 214, 200, 100, 100, 400, 200, 300, 200, 300, 300, 128, 128, 512, 128, 512, 128, 128, 128, 128)
(15, 'arrival', 207, 200, 300, 300, 100, 100, 100, 200, 300, 200, 256, 512, 384, 256, 128, 256, 128, 256, 128)
(20, 'departure', 214)
(25, 'arrival', 206, 300, 400, 100, 100, 400, 400, 200, 400, 400, 384, 384, 128, 384, 256, 512, 256, 128, 256)
(30, 'arrival', 204, 100, 200, 400, 200, 400, 100, 100, 400, 300, 256, 128, 256, 384, 128, 512, 384, 384, 512)
(35, 'departure', 206)
(40, 'arrival', 215, 400, 300, 100, 100, 300, 200, 300, 200, 300, 384, 256, 512, 384, 384, 128, 512, 512, 128)
(45, 'arrival', 210, 400, 300, 400, 100, 400, 100, 200, 400, 100, 384, 384, 128, 384, 256, 128, 128, 256, 384)
(50, 'departure', 215)
(55, 'departure', 204)
(60, 'arrival', 211, 200, 200, 100, 200, 400, 300, 300, 200, 100, 384, 128, 256, 128, 128, 256, 512, 384, 256)
(65, 'departure', 211)
(70, 'departure', 210)
(75, 'departure', 207)
(80, 'arrival', 208, 100, 300, 400, 300, 300, 400, 100, 400, 300, 512, 256, 384, 128, 384, 128, 128, 512, 512)
(85, 'departure', 208)
(90, 'arrival', 212, 100, 100, 200, 100, 300, 200, 100, 200, 200, 384, 512, 128, 384, 128, 256, 512, 512, 256)
(95, 'departure', 212)
(100, 'arrival', 213, 400, 400, 100, 100, 300, 400, 100, 400, 100, 384, 128, 256, 256, 384, 128, 256, 128, 512)
(105, 'arrival', 209, 100, 400, 100, 100, 300, 100, 400, 200, 100, 128, 384, 128, 256, 128, 256, 256, 512, 384)
(110, 'departure', 209)
(115, 'departure', 213)
