24
(0, 'arrival', 301, 400, 400, 400, 300, 300, 200, 300, 400, 300, 384, 128, 384, 384, 128, 128, 384, 256, 384)
(5, 'arrival', 309, 200, 200, 300, 300, 200, 400, 200, 300, 100, 256, 384, 256, 128, 384, 512, 512, 256, 256)
(10, 'departure', 301)
(15, 'departure', 309)
(20, 'arrival', 307, 300, 300, 400, 400, 100, 300, 100, 200, 200, 512, 384, 256, 256, 128, 512, 256, 512, 512)
(25, 'arrival', 303, 400, 100, 300, 100, 300, 100, 100, 300, 300, 512, 128, 128, 512, 512, 384, 512, 384, 512)
(30, 'departure', 307)
(35, 'arrival', 305, 100, 400, 200, 200, 400, 400, 300, 100, 400, 512, 256, 256, 384, 256, 512, 384, 128, 512)
(40, 'departure', 303)
(45, 'arrival', 306, 200, 400, 200, 100, 200, 300, 100, 300, 300, 128, 384, 128, 256, 384, 256, 256, 512, 512)
(50, 'departure', 306)
(55, 'departure', 305)
(60, 'arrival', 300, 400, 200, 300, 400, 400, 100, 400, 300, 100, 256, 512, 512, 384, 256, 128, 384, 256, 256)
(65, 'arrival', 310, 100, 100, 300, 300, 400, 300, 300, 400, 400, 384, 512, 512, 512, 512, 384, 384, 256, 384)
(70, 'arrival', 304, 100, 400, 200, 300, 200, 300, 100, 200, 400, 384, 512, 512, 128, 128, 512, 384, 256, 384)
(75, 'arrival', 311, 400, 200, 300, 400, 300, 400, 100, 100, 400, 256, 256, 256, 384, 256, 384, 256, 128, 128)
(80, 'departure', 304)
(85, 'arrival', 302, 300, 200, 100, 100, 400, 100, 300, 200, 100, 384, 256, 256, 128, 384, 128, 512, 128, 384)
(90, 'departure', 302)
(95, 'departure', 311)
(100, 'departure', 300)
(105, 'departure', 310)
(110, 'arrival', 308, 300, 200, 300, 400, 300, 200, 400, 400, 200, 128, 256, 256, 128, 256, 512, 128, 384, 128)
(115, 'departure', 308)
