24
(0, 'arrival', 3, 400, 200, 200, 200, 300, 100, 100, 200, 300, 128, 128, 384, 256, 128, 128, 128, 512, 256)
(5, 'arrival', 6, 100, 400, 400, 400, 300, 200, 400, 200, 100, 512, 512, 512, 128, 128, 384, 512, 512, 256)
(10, 'departure', 6)
(15, 'arrival', 11, 400, 300, 300, 100, 200, 200, 400, 100, 100, 384, 512, 128, 128, 128, 256, 256, 256, 128)
(20, 'arrival', 9, 100, 300, 400, 200, 100, 400, 400, 400, 400, 128, 128, 512, 384, 128, 384, 384, 128, 512)
(25, 'arrival', 0, 200, 300, 100, 300, 400, 400, 100, 100, 100, 128, 384, 128, 512, 256, 128, 128, 256, 512)
(30, 'departure', 11)
(35, 'departure', 0)
(40, 'departure', 3)
(45, 'departure', 9)
(50, 'arrival', 4, 200, 100, 200, 300, 100, 200, 400, 100, 400, 384, 256, 512, 512, 256, 128, 512, 512, 128)
(55, 'departure', 4)
(60, 'arrival', 5, 100, 200, 400, 300, 400, 200, 100, 400, 100, 384, 128, 256, 256, 256, 512, 128, 128, 384)
(65, 'arrival', 2, 300, 400, 300, 400, 200, 200, 300, 200, 200, 512, 256, 128, 384, 256, 128, 128, 384, 256)
(70, 'arrival', 8, 100, 100, 200, 200, 300, 200, 400, 400, 300, 128, 384, 512, 128, 256, 384, 128, 256, 512)
(75, 'arrival', 7, 300, 400, 400, 300, 300, 300, 200, 300, 100, 256, 384, 384, 128, 384, 384, 512, 128, 128)
(80, 'arrival', 1, 200, 300, 400, 300, 300, 200, 300, 400, 200, 384, 384, 128, 512, 256, 512, 384, 384, 256)
(85, 'departure', 1)
(90, 'arrival', 10, 400, 100, 400, 400, 100, 300, 200, 100, 200, 512, 128, 256, 128, 128, 512, 384, 512, 128)
(95, 'departure', 2)
(100, 'departure', 7)
(105, 'departure', 8)
(110, 'departure', 10)
(115, 'departure', 5)
