24
(0, 'arrival', 516, 200, 300, 400, 300, 300, 100, 400, 100, 200, 128, 128, 128, 512, 512, 384, 128, 128, 512)
(5, 'departure', 516)
(10, 'arrival', 522, 300, 200, 200, 100, 300, 400, 300, 300, 200, 128, 128, 128, 512, 128, 128, 512, 512, 384)
(15, 'departure', 522)
(20, 'arrival', 520, 300, 100, 100, 300, 200, 200, 200, 100, 200, 256, 512, 384, 256, 512, 384, 128, 256, 384)
(25, 'arrival', 521, 200, 300, 400, 100, 200, 100, 300, 100, 200, 128, 128, 512, 512, 256, 128, 384, 512, 512)
(30, 'arrival', 519, 200, 100, 400, 200, 100, 400, 200, 400, 200, 512, 256, 256, 256, 128, 128, 384, 384, 384)
(35, 'departure', 519)
(40, 'arrival', 525, 100, 300, 400, 100, 300, 200, 400, 100, 100, 512, 128, 384, 512, 256, 512, 128, 128, 384)
(45, 'departure', 525)
(50, 'departure', 521)
(55, 'departure', 520)
(60, 'arrival', 523, 100, 200, 200, 200, 400, 400, 400, 200, 300, 512, 512, 256, 512, 128, 128, 128, 128, 512)
(65, 'arrival', 518, 200, 300, 200, 200, 100, 300, 400, 100, 100, 256, 128, 512, 256, 256, 512, 128, 128, 256)
(70, 'departure', 523)
(75, 'arrival', 527, 400, 100, 200, 400, 400, 300, 400, 400, 100, 128, 128, 256, 512, 128, 128, 512, 128, 512)
(80, 'departure', 518)
(85, 'arrival', 524, 200, 200, 300, 200, 300, 300, 100, 200, 400, 384, 256, 384, 128, 256, 512, 512, 512, 256)
(90, 'arrival', 517, 100, 100, 300, 100, 400, 100, 300, 400, 100, 256, 384, 384, 384, 256, 512, 512, 256, 128)
(95, 'arrival', 526, 200, 200, 300, 400, 300, 200, 200, 300, 400, 128, 384, 256, 512, 384, 512, 384, 384, 384)
(100, 'departure', 527)
(105, 'departure', 517)
(110, 'departure', 524)
(115, 'departure', 526)
