24
(0, 'arrival', 562, 300, 300, 200, 200, 300, 300, 400, 100, 400, 256, 512, 512, 128, 256, 384, 512, 256, 384)
(5, 'departure', 562)
(10, 'arrival', 553, 100, 100, 300, 200, 100, 400, 200, 400, 200, 512, 256, 256, 512, 512, 384, 128, 128, 512)
(15, 'departure', 553)
(20, 'arrival', 560, 100, 200, 400, 300, 200, 200, 200, 100, 300, 512, 512, 128, 512, 128, 128, 384, 384, 128)
(25, 'departure', 560)
(30, 'arrival', 557, 100, 100, 400, 300, 400, 200, 200, 100, 100, 256, 384, 512, 384, 256, 512, 512, 512, 384)
(35, 'departure', 557)
(40, 'arrival', 554, 200, 300, 100, 100, 100, 100, 300, 300, 400, 256, 384, 512, 128, 128, 384, 128, 512, 128)
(45, 'arrival', 555, 400, 300, 200, 100, 100, 200, 400, 300, 100, 128, 384, 512, 128, 384, 256, 256, 128, 384)
(50, 'arrival', 559, 200, 100, 100, 400, 100, 400, 100, 300, 400, 384, 256, 384, 128, 128, 256, 384, 256, 384)
(55, 'arrival', 558, 100, 300, 100, 100, 300, 300, 400, 100, 100, 512, 384, 256, 512, 256, 512, 128, 128, 256)
(60, 'arrival', 561, 100, 300, 400, 300, 200, 200, 100, 100, 100, 384, 384, 256, 128, 512, 128, 512, 256, 128)
(65, 'arrival', 556, 300, 300, 200, 300, 300, 100, 200, 100, 200, 256, 256, 384, 128, 128, 256, 512, 128, 128)
(70, 'departure', 558)
(75, 'arrival', 552, 300, 300, 100, 400, 300, 100, 300, 200, 200, 384, 512, 384, 128, 384, 512, 256, 128, 128)
(80, 'arrival', 563, 300, 200, 100, 300, 300, 300, 300, 200, 200, 128, 128, 256, 256, 128, 128, 128, 384, 128)
(85, 'departure', 563)
(90, 'departure', 552)
(95, 'departure', 561)
(100, 'departure', 556)
(105, 'departure', 555)
(110, 'departure', 554)
(115, 'departure', 559)
