24
(0, 'arrival', 138, 400, 300, 300, 100, 400, 200, 100, 400, 100, 256, 512, 512, 256, 128, 384, 256, 256, 384)
(5, 'departure', 138)
(10, 'arrival', 139, 200, 100, 100, 200, 400, 100, 300, 100, 200, 256, 128, 384, 384, 384, 256, 384, 256, 256)
(15, 'departure', 139)
(20, 'arrival', 132, 300, 200, 100, 100, 400, 200, 100, 300, 300, 256, 256, 384, 256, 128, 384, 128, 256, 128)
(25, 'arrival', 143, 100, 200, 300, 300, 400, 400, 100, 300, 100, 256, 512, 512, 512, 384, 512, 512, 384, 256)
(30, 'arrival', 141, 200, 400, 100, 200, 400, 300, 100, 200, 100, 512, 128, 256, 384, 256, 256, 128, 256, 384)
(35, 'departure', 143)
(40, 'arrival', 137, 300, 300, 100, 400, 400, 300, 100, 400, 200, 384, 128, 384, 512, 384, 384, 128, 128, 384)
(45, 'departure', 137)
(50, 'departure', 132)
(55, 'arrival', 140, 200, 100, 200, 400, 300, 100, 100, 300, 100, 128, 256, 512, 256, 384, 384, 128, 384, 512)
(60, 'departure', 140)
(65, 'arrival', 133, 300, 100, 100, 200, 300, 300, 200, 300, 100, 128, 128, 128, 128, 512, 128, 128, 512, 512)
(70, 'arrival', 136, 300, 300, 300, 200, 100, 400, 100, 300, 400, 384, 512, 384, 256, 512, 128, 128, 384, 512)
(75, 'arrival', 142, 200, 200, 100, 100, 100, 100, 300, 200, 400, 256, 512, 128, 384, 384, 128, 256, 512, 128)
(80, 'arrival', 135, 200, 100, 300, 400, 200, 300, 200, 400, 300, 512, 128, 384, 128, 512, 128, 256, 256, 384)
(85, 'arrival', 134, 300, 400, 200, 300, 200, 200, 300, 200, 300, 512, 512, 384, 384, 512, 384, 384, 384, 384)
(90, 'departure', 141)
(95, 'departure', 142)
(100, 'departure', 136)
(105, 'departure', 133)
(110, 'departure', 135)
(115, 'departure', 134)
