24
(0, 'arrival', 534, 300, 300, 100, 100, 300, 100, 300, 300, 200, 256, 256, 128, 128, 384, 128, 128, 128, 512)
(5, 'arrival', 532, 200, 200, 300, 400, 100, 200, 100, 300, 400, 256, 384, 384, 128, 384, 128, 384, 256, 256)
(10, 'arrival', 536, 200, 200, 100, 100, 300, 400, 200, 100, 100, 128, 384, 384, 384, 384, 384, 384, 512, 256)
(15, 'departure', 534)
(20, 'departure', 532)
(25, 'arrival', 528, 300, 300, 200, 100, 100, 400, 200, 400, 400, 512, 128, 512, 256, 256, 256, 256, 384, 384)
(30, 'departure', 528)
(35, 'departure', 536)
(40, 'arrival', 533, 300, 300, 400, 100, 100, 300, 200, 100, 300, 128, 128, 384, 256, 512, 256, 128, 384, 384)
(45, 'departure', 533)
(50, 'arrival', 531, 200, 400, 200, 300, 300, 200, 100, 300, 100, 384, 256, 256, 384, 256, 128, 384, 256, 256)
(55, 'arrival', 539, 200, 200, 400, 300, 200, 100, 300, 300, 300, 384, 128, 512, 256, 512, 512, 384, 512, 128)
(60, 'departure', 531)
(65, 'departure', 539)
(70, 'arrival', 535, 400, 300, 400, 400, 100, 400, 200, 100, 200, 128, 128, 384, 384, 256, 512, 128, 256, 384)
(75, 'arrival', 529, 400, 300, 100, 400, 200, 200, 300, 200, 200, 128, 256, 128, 384, 384, 384, 512, 256, 512)
(80, 'arrival', 538, 200, 400, 100, 200, 400, 200, 200, 200, 300, 128, 384, 512, 256, 256, 128, 128, 384, 256)
(85, 'arrival', 530, 400, 300, 100, 300, 400, 300, 400, 300, 100, 512, 384, 512, 512, 512, 384, 512, 512, 384)
(90, 'arrival', 537, 100, 200, 100, 400, 100, 100, 100, 300, 400, 384, 384, 128, 512, 256, 384, 256, 256, 128)
(95, 'departure', 538)
(100, 'departure', 537)
(105, 'departure', 535)
(110, 'departure', 530)
(115, 'departure', 529)
