24
(0, 'arrival', 473, 300, 300, 300, 300, 200, 200, 200, 400, 400, 128, 384, 512, 512, 512, 128, 512, 512, 128)
(5, 'departure', 473)
(10, 'arrival', 470, 400, 100, 200, 200, 300, 400, 200, 400, 200, 384, 128, 384, 512, 512, 256, 384, 256, 256)
(15, 'arrival', 478, 300, 100, 400, 300, 300, 100, 300, 400, 400, 128, 512, 512, 384, 256, 256, 384, 384, 128)
(20, 'departure', 478)
(25, 'arrival', 469, 200, 400, 300, 100, 100, 300, 200, 100, 100, 128, 384, 512, 512, 384, 512, 256, 128, 128)
(30, 'departure', 469)
(35, 'departure', 470)
(40, 'arrival', 479, 400, 100, 300, 400, 400, 300, 400, 400, 100, 256, 384, 256, 384, 128, 512, 256, 384, 384)
(45, 'arrival', 475, 400, 400, 100, 100, 400, 100, 200, 200, 200, 128, 128, 384, 512, 256, 384, 512, 256, 384)
(50, 'arrival', 476, 400, 400, 100, 100, 100, 100, 200, 300, 100, 256, 512, 256, 512, 256, 384, 128, 128, 512)
(55, 'arrival', 471, 100, 100, 100, 200, 400, 100, 200, 300, 400, 384, 128, 128, 384, 256, 256, 256, 256, 128)
(60, 'departure', 476)
(65, 'departure', 471)
(70, 'departure', 479)
(75, 'departure', 475)
(80, 'arrival', 474, 400, 200, 400, 200, 100, 100, 100, 100, 200, 384, 384, 128, 256, 512, 128, 256, 256, 384)
(85, 'arrival', 468, 100, 400, 200, 300, 100, 400, 300, 200, 100, 256, 256, 384, 512, 384, 384, 512, 256, 512)
(90, 'arrival', 477, 100, 200, 300, 100, 200, 200, 100, 400, 100, 128, 256, 512, 128, 256, 384, 128, 512, 256)
(95, 'arrival', 472, 400, 100, 400, 400, 200, 300, 400, 100, 200, 512, 512, 256, 128, 512, 256, 256, 384, 128)
(100, 'departure', 477)
(105, 'departure', 472)
(110, 'departure', 468)
(115, 'departure', 474)
