24
(0, 'arrival', 232, 300, 400, 100, 300, 100, 100, 400, 100, 300, 128, 384, 256, 128, 384, 128, 512, 128, 512)
(5, 'arrival', 230, 200, 400, 100, 400, 200, 100, 200, 100, 100, 128, 512, 384, 128, 256, 512, 256, 512, 128)
(10, 'arrival', 239, 200, 300, 400, 200, 400, 300, 400, 400, 400, 512, 384, 256, 512, 256, 512, 128, 128, 256)
(15, 'arrival', 234, 300, 200, 300, 100, 200, 400, 200, 200, 100, 384, 256, 512, 256, 512, 384, 128, 512, 128)
(20, 'arrival', 231, 100, 300, 100, 100, 100, 100, 200, 400, 100, 384, 256, 512, 384, 512, 128, 512, 256, 256)
(25, 'departure', 239)
(30, 'departure', 234)
(35, 'arrival', 233, 200, 100, 400, 200, 300, 200, 300, 200, 200, 256, 512, 256, 128, 128, 128, 128, 256, 384)
(40, 'arrival', 236, 400, 400, 100, 200, 300, 400, 400, 200, 100, 512, 384, 384, 384, 128, 512, 256, 512, 512)
(45, 'arrival', 228, 100, 100, 400, 300, 400, 100, 100, 100, 200, 512, 384, 384, 128, 384, 512, 512, 128, 128)
(50, 'departure', 231)
(55, 'arrival', 238, 400, 300, 400, 100, 200, 300, 300, 100, 400, 128, 128, 384, 384, 384, 384, 512, 256, 128)
(60, 'departure', 230)
(65, 'departure', 232)
(70, 'arrival', 235, 100, 300, 300, 100, 300, 300, 200, 400, 400, 128, 256, 128, 512, 256, 128, 384, 128, 256)
(75, 'arrival', 237, 400, 300, 100, 100, 400, 100, 100, 400, 400, 512, 256, 128, 128, 128, 128, 384, 256, 512)
(80, 'arrival', 229, 200, 200, 100, 100, 300, 200, 400, 100, 100, 256, 512, 256, 512, 384, 384, 256, 256, 128)
(85, 'departure', 229)
(90, 'departure', 237)
(95, 'departure', 228)
(100, 'departure', 233)
(105, 'departure', 236)
(110, 'departure', 235)
(115, 'departure', 238)
