24
(0, 'arrival', 44, 400, 300, 300, 300, 400, 200, 400, 300, 200, 384, 128, 512, 256, 128, 128, 256, 256, 256)
(5, 'departure', 44)
(10, 'arrival', 45, 100, 200, 100, 200, 200, 200, 200, 300, 200, 384, 128, 128, 384, 128, 384, 128, 256, 128)
(15, 'departure', 45)
(20, 'arrival', 39, 300, 400, 400, 300, 200, 400, 100, 100, 400, 128, 384, 512, 512, 512, 256, 128, 512, 512)
(25, 'arrival', 41, 400, 200, 100, 400, 300, 400, 300, 100, 100, 512, 256, 256, 384, 384, 384, 384, 128, 384)
(30, 'arrival', 42, 400, 400, 200, 400, 100, 300, 200, 300, 300, 384, 384, 128, 384, 512, 128, 384, 384, 256)
(35, 'arrival', 36, 100, 200, 400, 400, 400, 200, 400, 400, 200, 256, 128, 384, 256, 512, 384, 256, 128, 384)
(40, 'arrival', 46, 300, 300, 100, 400, 100, 300, 400, 300, 400, 128, 512, 128, 128, 512, 512, 128, 384, 384)
(45, 'departure', 39)
(50, 'departure', 46)
(55, 'departure', 42)
(60, 'departure', 41)
(65, 'departure', 36)
(70, 'arrival', 40, 300, 300, 200, 200, 100, 300, 400, 200, 100, 256, 256, 256, 512, 384, 128, 128, 512, 128)
(75, 'arrival', 38, 300, 300, 100, 400, 100, 400, 200, 200, 100, 128, 512, 256, 512, 128, 256, 128, 384, 256)
(80, 'departure', 40)
(85, 'departure', 38)
(90, 'arrival', 43, 300, 100, 100, 100, 100, 300, 100, 200, 200, 384, 512, 512, 512, 384, 128, 256, 128, 512)
(95, 'departure', 43)
(100, 'arrival', 37, 100, 400, 400, 100, 400, 300, 100, 400, 200, 512, 128, 256, 128, 512, 512, 128, 512, 384)
(105, 'arrival', 47, 300, 400, 100, 100, 300, 100, 200, 300, 200, 512, 384, 128, 256, 256, 512, 256, 128, 512)
(110, 'departure', 47)
(115, 'departure', 37)
