24
(0, 'arrival', 332, 400, 300, 400, 100, 200, 200, 400, 300, 200, 256, 512, 256, 512, 128, 128, 512, 384, 256)
(5, 'arrival', 329, 200, 300, 100, 300, 400, 100, 100, 200, 100, 384, 256, 128, 384, 384, 512, 384, 128, 384)
(10, 'departure', 332)
(15, 'arrival', 330, 400, 300, 200, 100, 200, 200, 200, 300, 200, 512, 512, 512, 384, 512, 384, 128, 128, 384)
(20, 'arrival', 335, 300, 300, 300, 100, 200, 100, 300, 300, 400, 256, 256, 512, 128, 256, 128, 384, 512, 384)
(25, 'departure', 330)
(30, 'departure', 335)
(35, 'departure', 329)
(40, 'arrival', 328, 100, 100, 100, 100, 200, 100, 400, 400, 100, 512, 384, 128, 256, 512, 128, 384, 128, 128)
(45, 'departure', 328)
(50, 'arrival', 334, 100, 200, 300, 300, 300, 200, 200, 400, 100, 384, 256, 512, 256, 256, 256, 384, 384, 256)
(55, 'departure', 334)
(60, 'arrival', 325, 200, 100, 300, 200, 200, 300, 100, 100, 100, 128, 512, 128, 384, 128, 512, 384, 256, 256)
(65, 'departure', 325)
(70, 'arrival', 333, 200, 400, 300, 200, 300, 200, 300, 200, 200, 128, 128, 384, 384, 128, 256, 512, 384, 512)
(75, 'arrival', 327, 400, 400, 300, 400, 400, 100, 100, 200, 400, 256, 256, 512, 256, 256, 256, 512, 128, 128)
(80, 'arrival', 326, 400, 100, 400, 200, 300, 400, 300, 200, 100, 256, 384, 512, 384, 384, 512, 384, 128, 256)
(85, 'arrival', 331, 300, 400, 300, 200, 100, 100, 100, 200, 300, 256, 128, 512, 256, 384, 256, 512, 256, 128)
(90, 'departure', 326)
(95, 'arrival', 324, 200, 200, 300, 100, 100, 100, 200, 100, 200, 128, 512, 128, 384, 512, 512, 512, 128, 256)
(100, 'departure', 333)
(105, 'departure', 331)
(110, 'departure', 327)
(115, 'departure', 324)
