24
(0, 'arrival', 389, 100, 100, 100, 300, 200, 300, 100, 200, 200, 384, 128, 512, 128, 384, 128, 512, 256, 384)
(5, 'departure', 389)
(10, 'arrival', 386, 400, 100, 300, 200, 400, 100, 400, 300, 400, 512, 384, 256, 512, 128, 128, 512, 256, 512)
(15, 'arrival', 394, 100, 400, 300, 400, 200, 100, 200, 200, 300, 128, 256, 256, 256, 128, 384, 384, 128, 256)
(20, 'arrival', 395, 400, 100, 300, 300, 400, 200, 200, 200, 300, 256, 128, 384, 256, 256, 256, 128, 256, 512)
(25, 'arrival', 388, 300, 200, 100, 300, 300, 100, 300, 200, 100, 128, 256, 256, 128, 128, 128, 128, 256, 256)
(30, 'departure', 386)
(35, 'arrival', 385, 300, 300, 200, 400, 100, 200, 200, 200, 100, 256, 384, 384, 128, 128, 128, 512, 128, 384)
(40, 'departure', 388)
(45, 'departure', 394)
(50, 'departure', 395)
(55, 'arrival', 393, 100, 300, 200, 200, 400, 400, 200, 400, 400, 256, 384, 384, 384, 384, 128, 512, 256, 512)
(60, 'arrival', 390, 300, 400, 400, 100, 400, 100, 200, 400, 300, 256, 512, 256, 384, 256, 128, 512, 256, 512)
(65, 'arrival', 392, 100, 200, 100, 400, 400, 400, 300, 300, 100, 512, 512, 128, 384, 256, 256, 384, 128, 512)
(70, 'departure', 392)
(75, 'departure', 385)
(80, 'departure', 390)
(85, 'arrival', 387, 200, 400, 100, 300, 300, 100, 400, 100, 400, 256, 128, 256, 512, 512, 256, 128, 512, 256)
(90, 'departure', 393)
(95, 'departure', 387)
(100, 'arrival', 384, 200, 200, 400, 300, 100, 400, 100, 100, 200, 512, 256, 384, 256, 128, 384, 512, 256, 128)
(105, 'arrival', 391, 400, 400, 400, 200, 300, 300, 200, 400, 400, 128, 384, 128, 256, 128, 256, 256, 128, 384)
(110, 'departure', 391)
(115, 'departure', 384)
