24
(0, 'arrival', 287, 400, 400, 100, 300, 100, 300, 100, 200, 100, 128, 256, 256, 128, 384, 256, 384, 512, 384)
(5, 'arrival', 276, 100, 200, 200, 400, 300, 100, 400, 400, 400, 512, 256, 256, 384, 384, 128, 128, 128, 256)
(10, 'arrival', 284, 400, 300, 400, 100, 100, 300, 200, 400, 100, 512, 512, 512, 384, 128, 384, 512, 128, 512)
(15, 'departure', 284)
(20, 'departure', 276)
(25, 'arrival', 285, 400, 400, 300, 200, 400, 200, 300, 300, 100, 384, 384, 384, 128, 128, 128, 512, 512, 128)
(30, 'arrival', 283, 400, 200, 300, 100, 300, 400, 200, 400, 300, 384, 512, 512, 384, 256, 128, 384, 256, 512)
(35, 'arrival', 279, 400, 400, 300, 200, 200, 400, 300, 100, 400, 256, 384, 512, 512, 512, 256, 128, 384, 256)
(40, 'departure', 283)
(45, 'departure', 285)
(50, 'arrival', 281, 200, 100, 100, 400, 100, 400, 400, 200, 400, 128, 128, 512, 256, 256, 384, 512, 256, 384)
(55, 'arrival', 282, 200, 300, 200, 200, 300, 200, 400, 100, 200, 128, 512, 512, 384, 512, 128, 384, 128, 384)
(60, 'departure', 282)
(65, 'arrival', 277, 100, 100, 400, 300, 400, 300, 200, 400, 200, 256, 128, 256, 128, 256, 384, 512, 384, 384)
(70, 'arrival', 278, 200, 400, 400, 400, 200, 300, 100, 100, 300, 128, 256, 384, 128, 128, 384, 128, 128, 384)
(75, 'departure', 281)
(80, 'arrival', 286, 400, 100, 100, 300, 400, 400, 300, 400, 300, 512, 128, 256, 128, 512, 384, 384, 256, 384)
(85, 'arrival', 280, 300, 300, 200, 300, 200, 400, 400, 100, 400, 384, 256, 128, 256, 128, 256, 512, 384, 256)
(90, 'departure', 278)
(95, 'departure', 287)
(100, 'departure', 277)
(105, 'departure', 280)
(110, 'departure', 286)
(115, 'departure', 279)
