24
(0, 'arrival', 124, 100, 300, 200, 200, 200, 300, 400, 300, 200, 128, 128, 384, 512, 512, 384, 256, 384, 384)
(5, 'departure', 124)
(10, 'arrival', 131, 400, 400, 200, 200, 100, 200, 200, 200, 400, 512, 128, 512, 384, 384, 128, 512, 256, 384)
(15, 'arrival', 121, 200, 400, 100, 200, 200, 300, 200, 400, 300, 256, 256, 512, 128, 256, 128, 512, 512, 256)
(20, 'arrival', 128, 400, 100, 200, 300, 100, 200, 300, 300, 100, 384, 128, 256, 384, 128, 256, 384, 256, 384)
(25, 'arrival', 122, 300, 200, 100, 100, 400, 200, 100, 300, 400, 128, 256, 512, 512, 384, 384, 384, 384, 256)
(30, 'departure', 122)
(35, 'departure', 128)
(40, 'arrival', 123, 400, 300, 100, 200, 300, 200, 200, 400, 300, 384, 512, 384, 128, 384, 256, 128, 256, 512)
(45, 'arrival', 126, 400, 300, 200, 100, 100, 200, 400, 200, 300, 256, 128, 384, 128, 384, 384, 128, 512, 128)
(50, 'departure', 123)
(55, 'departure', 121)
(60, 'departure', 131)
(65, 'arrival', 120, 400, 100, 400, 200, 100, 200, 400, 400, 400, 128, 384, 128, 512, 128, 512, 128, 384, 384)
(70, 'arrival', 130, 400, 400, 200, 300, 200, 100, 200, 400, 100, 512, 512, 256, 128, 512, 512, 512, 384, 128)
(75, 'arrival', 127, 300, 400, 400, 200, 400, 400, 300, 400, 400, 128, 512, 256, 256, 256, 384, 128, 384, 384)
(80, 'arrival', 129, 100, 200, 400, 300, 300, 200, 200, 200, 100, 256, 256, 128, 256, 256, 256, 384, 256, 512)
(85, 'departure', 126)
(90, 'arrival', 125, 400, 400, 200, 400, 200, 100, 300, 300, 200, 128, 128, 384, 128, 384, 384, 512, 384, 128)
(95, 'departure', 125)
(100, 'departure', 127)
(105, 'departure', 130)
(110, 'departure', 120)
(115, 'departure', 129)
