24
(0, 'arrival', 94, 400, 400, 200, 400, 100, 400, 200, 200, 400, 256, 256, 256, 256, 384, 256, 256, 384, 256)
(5, 'arrival', 95, 200, 200, 400, 400, 400, 300, 300, 200, 300, 256, 256, 512, 512, 512, 128, 128, 256, 128)
(10, 'arrival', 84, 100, 100, 400, 400, 200, 200, 200, 100, 300, 256, 384, 512, 384, 128, 512, 128, 384, 384)
(15, 'departure', 84)
(20, 'departure', 94)
(25, 'departure', 95)
(30, 'arrival', 85, 100, 200, 300, 400, 400, 200, 200, 100, 400, 128, 512, 128, 256, 128, 384, 512, 128, 128)
(35, 'departure', 85)
(40, 'arrival', 93, 100, 300, 400, 400, 100, 300, 400, 400, 200, 512, 384, 256, 512, 384, 256, 256, 128, 512)
(45, 'departure', 93)
(50, 'arrival', 91, 300, 200, 300, 100, 300, 200, 200, 100, 100, 512, 128, 512, 512, 512, 512, 256, 512, 128)
(55, 'arrival', 90, 400, 300, 300, 200, 200, 200, 400, 300, 100, 256, 256, 384, 128, 128, 384, 512, 384, 384)
(60, 'arrival', 92, 100, 400, 400, 200, 100, 100, 200, 200, 400, 384, 256, 512, 384, 128, 384, 384, 128, 384)
(65, 'departure', 91)
(70, 'arrival', 86, 400, 400, 100, 400, 300, 300, 300, 100, 300, 384, 384, 512, 384, 256, 128, 512, 384, 384)
(75, 'departure', 92)
(80, 'arrival', 87, 400, 400, 200, 100, 300, 300, 200, 100, 400, 384, 128, 128, 512, 256, 256, 256, 256, 128)
(85, 'arrival', 88, 400, 400, 400, 300, 400, 100, 400, 300, 200, 384, 512, 256, 512, 256, 384, 512, 384, 256)
(90, 'arrival', 89, 100, 200, 200, 400, 400, 300, 300, 400, 400, 512, 128, 384, 128, 384, 128, 384, 384, 128)
(95, 'departure', 90)
(100, 'departure', 87)
(105, 'departure', 88)
(110, 'departure', 89)
(115, 'departure', 86)
