24
(0, 'arrival', 459, 400, 100, 100, 200, 300, 100, 400, 400, 200, 512, 512, 384, 128, 512, 256, 512, 384, 512)
(5, 'departure', 459)
(10, 'arrival', 457, 100, 200, 400, 100, 300, 400, 400, 200, 100, 256, 512, 128, 512, 128, 256, 512, 384, 512)
(15, 'departure', 457)
(20, 'arrival', 458, 100, 400, 400, 200, 400, 200, 200, 100, 200, 256, 512, 512, 384, 256, 512, 384, 384, 512)
(25, 'arrival', 462, 100, 200, 300, 300, 400, 400, 100, 300, 400, 256, 384, 128, 256, 384, 384, 128, 512, 384)
(30, 'arrival', 463, 200, 100, 100, 400, 200, 400, 300, 400, 100, 256, 512, 256, 384, 512, 256, 512, 256, 256)
(35, 'arrival', 465, 300, 200, 100, 400, 300, 300, 200, 200, 400, 512, 384, 128, 512, 384, 512, 256, 512, 384)
(40, 'departure', 463)
(45, 'arrival', 467, 200, 200, 400, 100, 100, 200, 300, 300, 300, 384, 512, 384, 128, 512, 256, 512, 128, 512)
(50, 'arrival', 464, 300, 300, 300, 400, 400, 200, 300, 100, 400, 128, 512, 128, 512, 256, 256, 384, 512, 256)
(55, 'departure', 458)
(60, 'arrival', 461, 400, 200, 400, 300, 400, 300, 300, 200, 400, 128, 128, 256, 512, 256, 512, 256, 384, 256)
(65, 'arrival', 460, 400, 100, 200, 200, 100, 200, 200, 200, 300, 256, 128, 384, 256, 384, 512, 128, 256, 128)
(70, 'arrival', 456, 300, 100, 100, 200, 300, 200, 100, 200, 100, 512, 512, 256, 256, 384, 512, 384, 512, 512)
(75, 'departure', 460)
(80, 'departure', 467)
(85, 'arrival', 466, 300, 200, 400, 300, 400, 300, 100, 300, 300, 512, 256, 384, 256, 256, 512, 512, 256, 512)
(90, 'departure', 461)
(95, 'departure', 456)
(100, 'departure', 464)
(105, 'departure', 465)
(110, 'departure', 462)
(115, 'departure', 466)
