24
(0, 'arrival', 484, 200, 200, 100, 100, 100, 400, 300, 100, 400, 256, 512, 384, 128, 384, 512, 256, 128, 512)
(5, 'arrival', 483, 200, 100, 300, 100, 300, 100, 100, 400, 200, 384, 384, 512, 256, 128, 512, 384, 128, 256)
(10, 'arrival', 480, 300, 100, 400, 300, 200, 300, 200, 200, 200, 384, 128, 384, 256, 128, 512, 384, 512, 512)
(15, 'arrival', 488, 200, 100, 300, 100, 300, 100, 200, 300, 300, 384, 256, 256, 512, 256, 384, 384, 512, 256)
(20, 'arrival', 489, 200, 400, 200, 400, 400, 100, 400, 400, 200, 384, 512, 384, 384, 128, 256, 128, 384, 256)
(25, 'departure', 488)
(30, 'departure', 480)
(35, 'departure', 483)
(40, 'departure', 489)
(45, 'arrival', 486, 100, 400, 100, 100, 200, 300, 300, 300, 300, 384, 256, 512, 256, 384, 512, 256, 256, 256)
(50, 'arrival', 487, 400, 400, 400, 100, 100, 100, 100, 100, 100, 256, 256, 128, 384, 384, 256, 384, 256, 256)
(55, 'departure', 486)
(60, 'departure', 484)
(65, 'arrival', 481, 200, 400, 400, 300, 200, 400, 200, 300, 300, 512, 128, 128, 256, 256, 128, 128, 128, 256)
(70, 'arrival', 482, 100, 100, 100, 100, 200, 300, 400, 300, 400, 512, 512, 384, 128, 512, 128, 128, 512, 128)
(75, 'arrival', 491, 100, 100, 400, 100, 400, 300, 100, 400, 400, 512, 512, 384, 384, 384, 256, 256, 512, 512)
(80, 'departure', 481)
(85, 'departure', 482)
(90, 'departure', 487)
(95, 'arrival', 485, 200, 200, 400, 300, 300, 200, 400, 200, 200, 128, 256, 384, 512, 128, 384, 256, 512, 512)
(100, 'departure', 485)
(105, 'departure', 491)
(110, 'arrival', 490, 100, 200, 400, 400, 300, 300, 200, 300, 100, 128, 256, 384, 128, 256, 128, 128, 384, 128)
(115, 'departure', 490)
