24
(0, 'arrival', 55, 200, 300, 200, 100, 200, 300, 400, 300, 300, 384, 384, 384, 128, 384, 256, 128, 128, 512)
(5, 'departure', 55)
(10, 'arrival', 49, 100, 300, 100, 100, 100, 300, 100, 100, 400, 512, 256, 128, 256, 384, 128, 512, 384, 256)
(15, 'arrival', 51, 400, 300, 300, 200, 200, 200, 400, 400, 300, 256, 384, 384, 512, 512, 512, 384, 128, 128)
(20, 'arrival', 59, 400, 300, 400, 200, 200, 400, 100, 200, 400, 128, 256, 256, 384, 384, 512, 512, 256, 384)
(25, 'departure', 51)
(30, 'departure', 59)
(35, 'arrival', 56, 100, 200, 100, 100, 300, 100, 400, 100, 100, 256, 384, 384, 256, 128, 384, 512, 256, 384)
(40, 'departure', 56)
(45, 'arrival', 58, 400, 200, 100, 100, 100, 400, 400, 400, 400, 512, 128, 256, 512, 384, 384, 256, 256, 384)
(50, 'arrival', 57, 200, 300, 400, 100, 300, 200, 200, 100, 400, 512, 256, 256, 128, 512, 384, 512, 512, 512)
(55, 'departure', 49)
(60, 'arrival', 53, 300, 100, 400, 400, 400, 300, 200, 100, 300, 256, 128, 512, 128, 512, 256, 128, 128, 256)
(65, 'arrival', 52, 100, 200, 400, 200, 400, 100, 300, 300, 400, 384, 128, 128, 256, 128, 256, 128, 128, 256)
(70, 'departure', 57)
(75, 'departure', 53)
(80, 'departure', 58)
(85, 'arrival', 54, 300, 300, 400, 200, 300, 200, 300, 300, 300, 128, 384, 256, 512, 128, 384, 384, 128, 384)
(90, 'departure', 52)
(95, 'departure', 54)
(100, 'arrival', 48, 400, 100, 300, 200, 200, 300, 200, 200, 200, 256, 512, 512, 512, 256, 128, 384, 384, 256)
(105, 'departure', 48)
(110, 'arrival', 50, 200, 300, 300, 100, 100, 400, 100, 100, 300, 384, 512, 128, 384, 128, 384, 128, 512, 512)
(115, 'departure', 50)
