24
(0, 'arrival', 103, 400, 200, 300, 100, 300, 100, 300, 400, 300, 384, 128, 128, 256, 256, 256, 256, 512, 384)
(5, 'departure', 103)
(10, 'arrival', 107, 100, 200, 200, 200, 200, 300, 400, 200, 200, 256, 256, 128, 384, 128, 384, 384, 384, 128)
(15, 'arrival', 106, 300, 300, 400, 100, 400, 400, 200, 100, 300, 128, 512, 384, 512, 512, 512, 128, 256, 256)
(20, 'arrival', 101, 200, 400, 100, 300, 400, 100, 400, 400, 400, 512, 512, 512, 512, 128, 256, 512, 256, 128)
(25, 'arrival', 96, 100, 100, 400, 200, 100, 400, 100, 300, 100, 512, 512, 512, 256, 128, 128, 128, 128, 384)
(30, 'arrival', 100, 100, 100, 300, 300, 200, 100, 200, 400, 200, 384, 256, 512, 256, 128, 256, 256, 256, 512)
(35, 'departure', 100)
(40, 'departure', 107)
(45, 'departure', 106)
(50, 'arrival', 99, 300, 100, 200, 300, 200, 200, 400, 400, 400, 512, 128, 128, 384, 512, 512, 256, 384, 256)
(55, 'arrival', 98, 400, 300, 300, 300, 200, 300, 200, 300, 200, 512, 384, 384, 256, 256, 384, 384, 256, 256)
(60, 'departure', 101)
(65, 'departure', 99)
(70, 'departure', 98)
(75, 'arrival', 105, 100, 200, 200, 300, 200, 300, 400, 400, 200, 256, 256, 384, 512, 384, 384, 384, 512, 128)
(80, 'arrival', 102, 400, 200, 100, 300, 100, 200, 200, 100, 400, 384, 128, 512, 512, 128, 128, 512, 384, 512)
(85, 'departure', 102)
(90, 'departure', 96)
(95, 'departure', 105)
(100, 'arrival', 104, 300, 100, 300, 100, 300, 100, 400, 300, 200, 128, 256, 384, 512, 512, 384, 384, 512, 128)
(105, 'arrival', 97, 300, 400, 100, 400, 300, 300, 200, 200, 100, 384, 512, 128, 128, 384, 512, 512, 128, 128)
(110, 'departure', 97)
(115, 'departure', 104)
