24
(0, 'arrival', 546, 200, 300, 200, 100, 100, 100, 300, 400, 200, 512, 512, 384, 128, 384, 512, 512, 256, 256)
(5, 'departure', 546)
(10, 'arrival', 542, 300, 300, 200, 200, 100, 300, 300, 200, 400, 512, 512, 384, 128, 128, 384, 384, 256, 128)
(15, 'arrival', 547, 100, 400, 400, 400, 400, 100, 100, 100, 400, 128, 256, 256, 512, 384, 256, 256, 384, 512)
(20, 'arrival', 540, 300, 300, 400, 100, 300, 200, 100, 100, 100, 384, 384, 384, 256, 384, 512, 512, 512, 256)
(25, 'departure', 542)
(30, 'arrival', 548, 100, 200, 100, 400, 100, 400, 400, 400, 400, 128, 512, 256, 128, 128, 256, 128, 384, 512)
(35, 'arrival', 551, 100, 400, 300, 400, 300, 100, 200, 300, 300, 256, 384, 512, 128, 384, 384, 512, 384, 128)
(40, 'arrival', 549, 100, 400, 200, 300, 200, 400, 200, 200, 400, 384, 512, 384, 256, 384, 384, 512, 128, 384)
(45, 'arrival', 544, 100, 200, 400, 200, 200, 200, 400, 200, 200, 128, 128, 512, 512, 128, 512, 256, 512, 128)
(50, 'arrival', 545, 100, 100, 400, 200, 100, 400, 200, 300, 200, 128, 512, 128, 384, 128, 128, 256, 128, 512)
(55, 'arrival', 541, 400, 400, 200, 100, 100, 200, 300, 400, 100, 256, 128, 512, 512, 128, 384, 256, 256, 384)
(60, 'arrival', 543, 300, 200, 100, 300, 400, 200, 200, 100, 300, 128, 128, 256, 256, 384, 512, 384, 384, 384)
(65, 'departure', 544)
(70, 'arrival', 550, 200, 300, 300, 200, 300, 100, 400, 300, 200, 256, 512, 128, 128, 128, 256, 256, 256, 256)
(75, 'departure', 549)
(80, 'departure', 551)
(85, 'departure', 547)
(90, 'departure', 545)
(95, 'departure', 543)
(100, 'departure', 541)
(105, 'departure', 550)
(110, 'departure', 540)
(115, 'departure', 548)
