24
(0, 'arrival', 249, 100, 300, 400, 300, 100, 100, 200, 100, 200, 256, 256, 512, 384, 512, 512, 256, 384, 384)
(5, 'arrival', 241, 400, 100, 200, 400, 200, 400, 300, 300, 300, 128, 512, 512, 128, 384, 256, 384, 512, 512)
(10, 'departure', 241)
(15, 'departure', 249)
(20, 'arrival', 246, 300, 100, 300, 100, 300, 400, 300, 200, 300, 256, 384, 128, 256, 256, 384, 256, 128, 384)
(25, 'arrival', 243, 100, 400, 400, 100, 100, 400, 200, 200, 300, 384, 384, 128, 128, 128, 384, 384, 128, 256)
(30, 'arrival', 244, 100, 400, 400, 300, 300, 300, 200, 400, 300, 512, 128, 256, 512, 512, 128, 512, 256, 512)
(35, 'departure', 243)
(40, 'departure', 246)
(45, 'arrival', 242, 200, 200, 400, 300, 300, 100, 200, 300, 300, 512, 256, 512, 512, 512, 512, 384, 256, 256)
(50, 'departure', 244)
(55, 'departure', 242)
(60, 'arrival', 247, 400, 400, 100, 200, 200, 400, 100, 100, 300, 384, 256, 384, 128, 512, 384, 128, 384, 512)
(65, 'departure', 247)
(70, 'arrival', 240, 300, 300, 300, 200, 300, 400, 300, 400, 300, 512, 512, 512, 128, 128, 384, 256, 512, 384)
(75, 'arrival', 250, 200, 400, 400, 300, 400, 300, 300, 100, 200, 512, 512, 384, 384, 128, 384, 256, 384, 384)
(80, 'departure', 250)
(85, 'arrival', 251, 300, 300, 200, 200, 200, 400, 200, 200, 100, 256, 128, 512, 512, 512, 512, 384, 256, 256)
(90, 'arrival', 248, 300, 200, 300, 400, 400, 200, 200, 300, 400, 256, 256, 128, 256, 128, 512, 128, 384, 384)
(95, 'departure', 248)
(100, 'departure', 240)
(105, 'arrival', 245, 300, 100, 400, 100, 400, 300, 300, 300, 100, 512, 256, 128, 512, 512, 256, 128, 128, 512)
(110, 'departure', 245)
(115, 'departure', 251)
