24
(0, 'arrival', 453, 200, 400, 200, 100, 300, 100, 400, 300, 100, 128, 256, 384, 256, 128, 256, 256, 128, 256)
(5, 'departure', 453)
(10, 'arrival', 450, 100, 200, 400, 300, 100, 400, 200, 400, 400, 512, 384, 384, 384, 512, 512, 256, 512, 512)
(15, 'arrival', 445, 200, 400, 400, 100, 100, 300, 100, 300, 100, 128, 128, 128, 128, 256, 128, 384, 384, 512)
(20, 'arrival', 448, 200, 400, 400, 200, 200, 100, 300, 300, 300, 256, 512, 512, 384, 128, 128, 384, 128, 128)
(25, 'arrival', 447, 400, 100, 200, 100, 100, 400, 300, 400, 100, 256, 256, 256, 384, 384, 384, 128, 384, 256)
(30, 'arrival', 454, 200, 400, 300, 200, 300, 300, 400, 300, 200, 128, 512, 128, 256, 256, 256, 384, 128, 512)
(35, 'departure', 447)
(40, 'departure', 454)
(45, 'departure', 448)
(50, 'departure', 445)
(55, 'departure', 450)
(60, 'arrival', 452, 300, 400, 300, 100, 100, 200, 400, 100, 100, 512, 128, 128, 128, 256, 384, 384, 384, 256)
(65, 'arrival', 455, 400, 300, 400, 400, 200, 200, 400, 400, 200, 512, 384, 128, 256, 128, 256, 384, 512, 384)
(70, 'arrival', 451, 200, 100, 200, 100, 400, 200, 100, 200, 300, 128, 384, 384, 256, 128, 384, 128, 384, 128)
(75, 'arrival', 444, 400, 300, 300, 300, 200, 300, 200, 400, 100, 128, 128, 256, 256, 128, 512, 384, 256, 256)
(80, 'arrival', 446, 200, 400, 200, 400, 400, 100, 400, 200, 100, 256, 512, 512, 384, 256, 256, 256, 256, 256)
(85, 'departure', 452)
(90, 'arrival', 449, 400, 400, 100, 100, 400, 400, 300, 400, 400, 512, 512, 384, 128, 384, 256, 512, 512, 512)
(95, 'departure', 449)
(100, 'departure', 451)
(105, 'departure', 455)
(110, 'departure', 446)
(115, 'departure', 444)
