24
(0, 'arrival', 439, 300, 200, 300, 400, 100, 100, 100, 400, 100, 128, 128, 128, 512, 512, 256, 384, 128, 512)
(5, 'arrival', 437, 100, 100, 200, 300, 100, 100, 100, 400, 400, 512, 512, 128, 384, 256, 384, 256, 384, 512)
(10, 'arrival', 441, 200, 300, 100, 400, 400, 100, 300, 100, 100, 512, 128, 512, 384, 512, 512, 128, 512, 256)
(15, 'arrival', 440, 200, 400, 400, 100, 400, 200, 300, 200, 200, 256, 256, 512, 512, 512, 256, 384, 256, 256)
(20, 'arrival', 438, 400, 100, 300, 100, 400, 300, 100, 100, 300, 256, 512, 384, 512, 512, 256, 512, 512, 128)
(25, 'arrival', 432, 300, 400, 100, 400, 200, 100, 100, 400, 300, 512, 512, 512, 128, 384, 128, 384, 512, 256)
(30, 'departure', 438)
(35, 'arrival', 436, 300, 200, 300, 300, 100, 100, 200, 200, 100, 128, 384, 256, 128, 512, 384, 128, 384, 512)
(40, 'departure', 437)
(45, 'arrival', 443, 400, 200, 200, 200, 400, 300, 100, 100, 100, 512, 384, 384, 256, 256, 128, 384, 384, 512)
(50, 'departure', 441)
(55, 'departure', 432)
(60, 'departure', 440)
(65, 'departure', 443)
(70, 'departure', 436)
(75, 'departure', 439)
(80, 'arrival', 435, 300, 400, 200, 300, 300, 300, 300, 300, 400, 512, 512, 128, 384, 256, 128, 512, 256, 256)
(85, 'arrival', 442, 100, 200, 100, 200, 200, 400, 400, 400, 400, 384, 128, 384, 128, 512, 128, 256, 256, 384)
(90, 'departure', 442)
(95, 'arrival', 433, 200, 400, 200, 400, 400, 100, 300, 300, 200, 256, 384, 512, 256, 256, 384, 256, 384, 128)
(100, 'departure', 433)
(105, 'departure', 435)
(110, 'arrival', 434, 200, 400, 100, 100, 200, 300, 200, 400, 100, 256, 384, 128, 256, 128, 512, 512, 384, 256)
(115, 'departure', 434)
