24
(0, 'arrival', 152, 300, 300, 100, 200, 100, 100, 300, 100, 300, 256, 512, 384, 384, 256, 256, 128, 128, 384)
(5, 'arrival', 155, 200, 100, 200, 200, 200, 200, 400, 300, 300, 128, 384, 128, 512, 256, 256, 128, 384, 512)
(10, 'arrival', 148, 100, 400, 200, 200, 200, 200, 300, 200, 200, 256, 512, 128, 128, 384, 384, 512, 512, 128)
(15, 'departure', 152)
(20, 'arrival', 154, 300, 300, 200, 400, 100, 400, 400, 200, 100, 384, 128, 128, 384, 384, 512, 384, 256, 256)
(25, 'departure', 155)
(30, 'arrival', 147, 100, 400, 200, 100, 100, 400, 400, 200, 200, 256, 128, 128, 128, 128, 384, 512, 512, 128)
(35, 'arrival', 150, 200, 300, 300, 300, 400, 100, 100, 300, 400, 128, 512, 256, 256, 512, 512, 128, 512, 384)
(40, 'departure', 154)
(45, 'departure', 148)
(50, 'departure', 147)
(55, 'arrival', 145, 100, 400, 300, 300, 200, 100, 400, 300, 400, 384, 384, 128, 384, 384, 256, 128, 128, 512)
(60, 'departure', 145)
(65, 'departure', 150)
(70, 'arrival', 149, 100, 400, 400, 300, 100, 200, 400, 200, 400, 512, 512, 128, 384, 512, 384, 128, 256, 128)
(75, 'departure', 149)
(80, 'arrival', 146, 400, 100, 400, 200, 400, 100, 400, 300, 400, 384, 128, 128, 128, 128, 512, 512, 128, 384)
(85, 'departure', 146)
(90, 'arrival', 153, 100, 400, 100, 400, 100, 300, 100, 200, 100, 256, 384, 512, 128, 256, 128, 384, 384, 256)
(95, 'departure', 153)
(100, 'arrival', 151, 200, 200, 200, 200, 100, 200, 100, 300, 100, 128, 512, 256, 128, 384, 512, 256, 128, 512)
(105, 'arrival', 144, 200, 100, 100, 200, 100, 300, 100, 400, 100, 128, 128, 256, 128, 384, 384, 256, 256, 256)
(110, 'departure', 151)
(115, 'departure', 144)
