24
(0, 'arrival', 362, 400, 400, 100, 100, 300, 100, 200, 400, 200, 128, 256, 512, 128, 512, 128, 512, 128, 384)
(5, 'arrival', 368, 400, 300, 100, 100, 200, 100, 300, 200, 400, 128, 512, 128, 384, 256, 384, 128, 512, 512)
(10, 'departure', 362)
(15, 'departure', 368)
(20, 'arrival', 361, 300, 400, 300, 200, 400, 100, 200, 200, 200, 128, 256, 384, 128, 512, 128, 384, 128, 128)
(25, 'arrival', 370, 100, 300, 100, 100, 100, 300, 200, 400, 200, 128, 512, 512, 384, 384, 128, 256, 256, 512)
(30, 'departure', 361)
(35, 'departure', 370)
(40, 'arrival', 363, 300, 100, 100, 300, 300, 400, 300, 300, 400, 512, 256, 512, 256, 384, 384, 128, 512, 512)
(45, 'arrival', 364, 400, 200, 100, 100, 100, 200, 100, 200, 400, 384, 512, 384, 256, 256, 256, 128, 384, 128)
(50, 'arrival', 366, 200, 300, 400, 400, 100, 300, 200, 100, 300, 384, 128, 256, 384, 384, 384, 128, 256, 512)
(55, 'departure', 364)
(60, 'arrival', 360, 300, 200, 300, 200, 300, 400, 100, 400, 200, 256, 512, 512, 256, 512, 512, 512, 384, 256)
(65, 'departure', 363)
(70, 'departure', 360)
(75, 'departure', 366)
(80, 'arrival', 365, 200, 300, 100, 100, 400, 200, 300, 100, 400, 256, 256, 512, 128, 384, 256, 384, 384, 256)
(85, 'departure', 365)
(90, 'arrival', 367, 300, 300, 400, 100, 100, 300, 200, 400, 200, 128, 512, 512, 512, 128, 256, 512, 512, 256)
(95, 'departure', 367)
(100, 'arrival', 369, 300, 200, 200, 200, 300, 300, 400, 200, 200, 128, 512, 256, 512, 384, 128, 128, 128, 128)
(105, 'arrival', 371, 100, 400, 400, 400, 400, 400, 200, 200, 100, 128, 256, 512, 384, 256, 128, 256, 256, 128)
(110, 'departure', 369)
(115, 'departure', 371)
