24
(0, 'arrival', 273, 300, 400, 100, 400, 100, 200, 100, 200, 100, 512, 256, 128, 512, 256, 512, 128, 512, 128)
(5, 'arrival', 274, 300, 300, 100, 300, 100, 100, 400, 400, 300, 512, 384, 128, 384, 384, 128, 128, 512, 256)
(10, 'arrival', 271, 200, 400, 200, 200, 200, 400, 100, 200, 200, 256, 256, 384, 512, 384, 384, 512, 384, 256)
(15, 'arrival', 264, 200, 100, 100, 100, 200, 400, 300, 300, 400, 128, 128, 256, 384, 128, 384, 384, 256, 512)
(20, 'departure', 274)
(25, 'departure', 273)
(30, 'arrival', 268, 100, 300, 400, 100, 400, 200, 300, 100, 300, 256, 512, 128, 256, 384, 384, 128, 256, 384)
(35, 'arrival', 272, 200, 200, 300, 100, 200, 100, 400, 400, 300, 256, 128, 256, 384, 128, 256, 256, 512, 384)
(40, 'departure', 272)
(45, 'departure', 271)
(50, 'arrival', 265, 300, 400, 400, 300, 200, 200, 400, 100, 100, 256, 512, 128, 256, 384, 256, 512, 384, 256)
(55, 'arrival', 269, 300, 400, 400, 200, 400, 300, 400, 200, 400, 512, 128, 512, 384, 256, 384, 512, 384, 512)
(60, 'arrival', 275, 400, 400, 300, 400, 400, 400, 300, 100, 300, 128, 512, 512, 256, 256, 128, 384, 384, 128)
(65, 'departure', 268)
(70, 'departure', 275)
(75, 'arrival', 266, 200, 200, 200, 100, 300, 300, 400, 100, 200, 512, 512, 256, 128, 128, 384, 128, 512, 384)
(80, 'departure', 265)
(85, 'departure', 269)
(90, 'arrival', 267, 400, 200, 100, 400, 400, 200, 200, 100, 200, 384, 128, 256, 256, 128, 512, 256, 128, 256)
(95, 'arrival', 270, 100, 400, 400, 400, 300, 100, 200, 400, 400, 384, 512, 384, 384, 512, 384, 128, 256, 512)
(100, 'departure', 267)
(105, 'departure', 270)
(110, 'departure', 264)
(115, 'departure', 266)
