24
(0, 'arrival', 291, 300, 100, 400, 400, 100, 200, 100, 200, 400, 512, 512, 128, 128, 128, 384, 384, 256, 128)
(5, 'arrival', 299, 200, 100, 400, 300, 400, 300, 400, 400, 100, 256, 384, 384, 256, 512, 256, 256, 128, 128)
(10, 'arrival', 288, 200, 200, 400, 300, 300, 400, 100, 400, 100, 128, 384, 384, 384, 256, 128, 128, 256, 384)
(15, 'arrival', 296, 300, 300, 400, 100, 100, 200, 200, 400, 100, 256, 256, 512, 256, 256, 256, 128, 128, 256)
(20, 'departure', 299)
(25, 'arrival', 295, 300, 400, 300, 100, 400, 300, 100, 200, 200, 512, 128, 256, 128, 384, 256, 384, 128, 512)
(30, 'departure', 296)
(35, 'departure', 288)
(40, 'arrival', 294, 300, 300, 100, 300, 300, 100, 200, 100, 100, 384, 256, 384, 256, 384, 384, 128, 128, 128)
(45, 'departure', 294)
(50, 'arrival', 289, 300, 400, 400, 100, 200, 100, 400, 200, 100, 512, 384, 256, 512, 256, 512, 128, 512, 128)
(55, 'departure', 289)
(60, 'arrival', 298, 400, 300, 200, 300, 100, 100, 100, 200, 200, 512, 384, 128, 256, 256, 384, 512, 256, 256)
(65, 'arrival', 293, 300, 400, 100, 300, 300, 200, 400, 400, 100, 128, 512, 512, 512, 256, 384, 256, 384, 128)
(70, 'arrival', 292, 200, 200, 400, 300, 200, 400, 100, 200, 100, 384, 256, 128, 256, 384, 256, 384, 384, 128)
(75, 'departure', 295)
(80, 'arrival', 297, 200, 300, 200, 300, 200, 100, 100, 200, 200, 128, 128, 384, 384, 512, 512, 512, 256, 128)
(85, 'arrival', 290, 300, 100, 400, 400, 300, 300, 200, 100, 100, 128, 128, 128, 128, 512, 128, 256, 384, 512)
(90, 'departure', 290)
(95, 'departure', 293)
(100, 'departure', 297)
(105, 'departure', 298)
(110, 'departure', 291)
(115, 'departure', 292)
