24
(0, 'arrival', 430, 400, 100, 200, 300, 200, 200, 300, 300, 400, 128, 384, 256, 256, 512, 128, 256, 256, 128)
(5, 'departure', 430)
(10, 'arrival', 426, 300, 200, 400, 200, 400, 400, 200, 100, 100, 128, 128, 384, 512, 256, 256, 384, 128, 128)
(15, 'arrival', 431, 400, 100, 100, 400, 200, 300, 300, 300, 100, 256, 128, 384, 128, 256, 512, 512, 256, 384)
(20, 'arrival', 423, 300, 100, 400, 300, 400, 200, 400, 100, 100, 512, 512, 256, 128, 256, 384, 128, 128, 128)
(25, 'departure', 431)
(30, 'departure', 423)
(35, 'arrival', 424, 200, 100, 100, 300, 200, 100, 300, 100, 400, 256, 512, 384, 128, 128, 384, 256, 384, 384)
(40, 'arrival', 421, 300, 200, 200, 100, 300, 400, 400, 200, 400, 128, 384, 512, 256, 128, 128, 256, 128, 512)
(45, 'arrival', 425, 100, 300, 400, 200, 400, 100, 200, 200, 100, 384, 256, 384, 128, 128, 512, 384, 384, 256)
(50, 'arrival', 428, 300, 400, 200, 200, 200, 200, 400, 100, 400, 128, 128, 384, 512, 384, 512, 128, 128, 384)
(55, 'arrival', 422, 100, 400, 200, 300, 300, 200, 100, 300, 400, 384, 256, 384, 384, 256, 512, 512, 256, 256)
(60, 'arrival', 427, 200, 100, 400, 300, 200, 300, 200, 200, 300, 512, 512, 256, 128, 128, 256, 256, 512, 256)
(65, 'arrival', 429, 200, 400, 400, 100, 300, 100, 300, 100, 400, 256, 128, 128, 384, 256, 256, 128, 512, 256)
(70, 'departure', 428)
(75, 'departure', 421)
(80, 'departure', 422)
(85, 'arrival', 420, 400, 200, 400, 300, 100, 300, 200, 100, 300, 384, 384, 512, 256, 384, 128, 384, 256, 128)
(90, 'departure', 429)
(95, 'departure', 426)
(100, 'departure', 420)
(105, 'departure', 425)
(110, 'departure', 424)
(115, 'departure', 427)
