24
(0, 'arrival', 313, 200, 300, 200, 400, 300, 400, 400, 400, 100, 128, 384, 512, 384, 384, 128, 256, 128, 512)
(5, 'departure', 313)
(10, 'arrival', 321, 300, 400, 200, 300, 100, 400, 300, 100, 300, 128, 512, 128, 128, 384, 128, 512, 512, 384)
(15, 'arrival', 317, 300, 300, 300, 300, 400, 200, 200, 200, 300, 128, 128, 512, 128, 384, 256, 128, 512, 128)
(20, 'arrival', 320, 300, 300, 200, 400, 200, 200, 400, 200, 400, 256, 128, 256, 384, 128, 256, 512, 384, 256)
(25, 'arrival', 322, 200, 200, 300, 400, 300, 300, 200, 300, 300, 512, 128, 512, 512, 384, 512, 256, 384, 256)
(30, 'arrival', 314, 400, 200, 100, 400, 300, 400, 200, 200, 300, 384, 384, 256, 512, 128, 128, 384, 384, 128)
(35, 'arrival', 312, 300, 100, 200, 200, 100, 200, 400, 400, 300, 512, 128, 128, 256, 256, 512, 256, 128, 384)
(40, 'arrival', 315, 300, 200, 100, 200, 200, 100, 300, 300, 200, 512, 384, 256, 128, 384, 384, 256, 256, 512)
(45, 'departure', 314)
(50, 'departure', 321)
(55, 'departure', 315)
(60, 'arrival', 319, 300, 400, 100, 200, 300, 200, 300, 300, 200, 512, 512, 128, 256, 512, 256, 128, 256, 256)
(65, 'arrival', 318, 400, 300, 100, 400, 400, 200, 300, 400, 200, 256, 128, 512, 384, 384, 128, 384, 256, 256)
(70, 'departure', 320)
(75, 'arrival', 323, 300, 300, 100, 200, 300, 400, 300, 300, 100, 128, 384, 384, 256, 256, 128, 512, 128, 512)
(80, 'arrival', 316, 200, 400, 100, 300, 200, 400, 300, 300, 400, 384, 512, 512, 384, 512, 512, 384, 512, 384)
(85, 'departure', 312)
(90, 'departure', 318)
(95, 'departure', 322)
(100, 'departure', 316)
(105, 'departure', 317)
(110, 'departure', 323)
(115, 'departure', 319)
