24
(0, 'arrival', 178, 400, 100, 100, 400, 200, 100, 400, 400, 300, 256, 512, 384, 384, 128, 128, 512, 384, 256)
(5, 'arrival', 175, 400, 300, 400, 300, 200, 400, 400, 200, 100, 256, 512, 384, 384, 512, 128, 256, 128, 512)
(10, 'arrival', 169, 100, 100, 400, 400, 400, 100, 300, 200, 400, 384, 384, 256, 128, 512, 256, 256, 256, 128)
(15, 'departure', 175)
(20, 'arrival', 173, 300, 300, 200, 300, 300, 200, 400, 300, 200, 384, 128, 128, 512, 128, 512, 256, 256, 256)
(25, 'arrival', 171, 300, 200, 300, 300, 200, 300, 300, 100, 200, 256, 512, 256, 256, 256, 384, 128, 512, 512)
(30, 'departure', 178)
(35, 'arrival', 168, 300, 200, 300, 400, 100, 100, 400, 100, 200, 128, 512, 384, 128, 256, 384, 384, 512, 128)
(40, 'departure', 173)
(45, 'departure', 169)
(50, 'arrival', 176, 400, 400, 300, 200, 100, 200, 200, 200, 400, 384, 512, 384, 384, 384, 384, 384, 128, 256)
(55, 'arrival', 170, 300, 100, 200, 300, 400, 400, 300, 100, 200, 128, 384, 128, 256, 128, 512, 384, 128, 256)
(60, 'arrival', 174, 400, 400, 300, 200, 300, 200, 200, 200, 400, 384, 512, 384, 384, 512, 384, 384, 256, 256)
(65, 'departure', 168)
(70, 'departure', 171)
(75, 'arrival', 179, 100, 400, 200, 400, 100, 200, 400, 200, 400, 128, 256, 128, 128, 384, 128, 384, 128, 128)
(80, 'arrival', 177, 300, 200, 300, 400, 300, 100, 100, 100, 200, 384, 128, 256, 256, 128, 384, 512, 128, 128)
(85, 'departure', 174)
(90, 'arrival', 172, 200, 300, 300, 100, 100, 400, 100, 400, 400, 256, 128, 384, 512, 128, 128, 512, 512, 128)
(95, 'departure', 177)
(100, 'departure', 172)
(105, 'departure', 176)
(110, 'departure', 179)
(115, 'departure', 170)
