24
(0, 'arrival', 286, 300, 100, 100, 200, 100, 200, 100, 300, 200, 128, 128, 128, 256, 384, 256, 256, 128, 128)
(5, 'departure', 286)
(10, 'arrival', 280, 200, 200, 100, 100, 300, 100, 300, 300, 100, 256, 128, 128, 384, 256, 384, 384, 256, 128)
(15, 'arrival', 284, 100, 200, 300, 100, 300, 100, 100, 100, 100, 384, 256, 128, 128, 384, 256, 128, 256, 128)
(20, 'departure', 280)
(25, 'arrival', 279, 200, 300, 300, 300, 200, 100, 300, 100, 200, 384, 128, 128, 256, 128, 128, 128, 256, 256)
(30, 'arrival', 276, 100, 100, 300, 200, 200, 100, 200, 200, 200, 256, 128, 384, 384, 256, 384, 256, 256, 128)
(35, 'departure', 276)
(40, 'arrival', 282, 100, 300, 300, 300, 200, 200, 100, 100, 200, 128, 128, 256, 128, 384, 256, 256, 256, 256)
(45, 'departure', 282)
(50, 'arrival', 278, 300, 100, 300, 200, 300, 200, 200, 100, 300, 384, 256, 256, 384, 256, 384, 384, 384, 384)
(55, 'arrival', 287, 300, 300, 100, 300, 100, 300, 300, 300, 200, 384, 384, 128, 256, 384, 384, 384, 256, 128)
(60, 'arrival', 277, 300, 100, 200, 300, 300, 200, 200, 100, 200, 128, 256, 128, 256, 256, 256, 256, 128, 256)
(65, 'arrival', 285, 200, 300, 200, 100, 200, 300, 100, 200, 200, 256, 256, 384, 128, 256, 384, 256, 256, 384)
(70, 'departure', 284)
(75, 'departure', 287)
(80, 'arrival', 281, 200, 100, 300, 100, 200, 200, 100, 100, 100, 256, 384, 128, 256, 384, 384, 256, 256, 384)
(85, 'arrival', 283, 200, 100, 300, 200, 100, 300, 300, 100, 300, 384, 384, 384, 384, 256, 384, 384, 384, 256)
(90, 'departure', 278)
(95, 'departure', 281)
(100, 'departure', 277)
(105, 'departure', 283)
(110, 'departure', 279)
(115, 'departure', 285)
