24
(0, 'arrival', 52, 300, 100, 200, 100, 100, 100, 100, 300, 300, 384, 256, 128, 384, 128, 256, 128, 384, 256)
(5, 'arrival', 58, 200, 100, 100, 200, 300, 100, 300, 200, 200, 256, 256, 256, 256, 128, 384, 384, 256, 256)
(10, 'arrival', 51, 300, 100, 100, 100, 300, 100, 300, 300, 200, 256, 384, 128, 256, 128, 256, 256, 128, 256)
(15, 'arrival', 56, 200, 300, 200, 100, 300, 300, 100, 200, 100, 256, 256, 256, 256, 128, 384, 256, 256, 384)
(20, 'arrival', 59, 300, 300, 300, 200, 100, 300, 100, 100, 300, 128, 256, 384, 384, 256, 384, 256, 128, 128)
(25, 'arrival', 54, 200, 200, 200, 100, 200, 100, 300, 300, 100, 384, 128, 384, 128, 128, 384, 256, 256, 256)
(30, 'arrival', 53, 100, 300, 300, 200, 100, 200, 200, 300, 200, 256, 256, 256, 384, 256, 384, 256, 128, 256)
(35, 'arrival', 48, 300, 300, 100, 300, 100, 300, 300, 300, 200, 384, 384, 256, 384, 256, 256, 128, 128, 384)
(40, 'departure', 48)
(45, 'arrival', 57, 100, 100, 200, 100, 300, 200, 300, 200, 100, 256, 256, 384, 128, 256, 384, 128, 256, 128)
(50, 'arrival', 49, 300, 300, 200, 100, 100, 100, 100, 100, 200, 384, 128, 128, 384, 384, 256, 256, 128, 384)
(55, 'departure', 58)
(60, 'departure', 56)
(65, 'arrival', 50, 300, 200, 200, 100, 100, 300, 200, 100, 200, 256, 256, 256, 128, 256, 128, 384, 384, 384)
(70, 'departure', 59)
(75, 'departure', 50)
(80, 'departure', 52)
(85, 'arrival', 55, 200, 100, 200, 200, 200, 200, 100, 200, 100, 128, 256, 128, 384, 128, 256, 256, 128, 128)
(90, 'departure', 51)
(95, 'departure', 57)
(100, 'departure', 49)
(105, 'departure', 53)
(110, 'departure', 54)
(115, 'departure', 55)
