24
(0, 'arrival', 534, 300, 100, 100, 200, 300, 100, 100, 100, 200, 128, 128, 384, 384, 384, 256, 384, 128, 384)
(5, 'arrival', 531, 300, 300, 200, 300, 100, 100, 300, 200, 200, 384, 128, 256, 128, 256, 256, 128, 256, 128)
(10, 'arrival', 529, 300, 200, 100, 100, 200, 300, 100, 200, 100, 128, 256, 256, 128, 256, 128, 384, 128, 384)
(15, 'departure', 529)
(20, 'arrival', 532, 100, 300, 100, 100, 100, 200, 300, 100, 200, 256, 256, 384, 384, 384, 256, 256, 128, 256)
(25, 'arrival', 530, 200, 300, 100, 100, 100, 100, 100, 200, 200, 384, 256, 384, 256, 128, 256, 384, 128, 384)
(30, 'departure', 534)
(35, 'arrival', 539, 200, 300, 100, 200, 200, 300, 200, 100, 300, 128, 256, 256, 384, 128, 128, 256, 128, 128)
(40, 'arrival', 536, 300, 200, 300, 200, 300, 100, 100, 200, 300, 128, 256, 128, 256, 128, 128, 128, 384, 384)
(45, 'arrival', 538, 200, 100, 300, 300, 200, 300, 100, 100, 100, 128, 384, 128, 128, 256, 256, 128, 128, 128)
(50, 'arrival', 537, 300, 100, 200, 200, 200, 200, 100, 200, 100, 256, 384, 128, 256, 256, 128, 128, 384, 128)
(55, 'arrival', 528, 200, 300, 100, 100, 300, 100, 300, 200, 100, 128, 256, 256, 256, 128, 128, 128, 256, 128)
(60, 'arrival', 533, 100, 100, 300, 200, 300, 300, 200, 200, 200, 384, 256, 384, 384, 384, 384, 256, 384, 128)
(65, 'arrival', 535, 100, 100, 100, 300, 200, 200, 200, 100, 100, 256, 256, 128, 128, 384, 128, 256, 384, 128)
(70, 'departure', 533)
(75, 'departure', 530)
(80, 'departure', 531)
(85, 'departure', 528)
(90, 'departure', 536)
(95, 'departure', 539)
(100, 'departure', 535)
(105, 'departure', 537)
(110, 'departure', 532)
(115, 'departure', 538)
