24
(0, 'arrival', 641, 300, 300, 200, 300, 200, 100, 200, 200, 300, 256, 384, 128, 384, 256, 256, 384, 256, 256)
(5, 'arrival', 645, 100, 300, 100, 300, 100, 300, 300, 200, 200, 384, 384, 384, 384, 128, 256, 256, 384, 256)
(10, 'arrival', 639, 200, 200, 100, 300, 300, 200, 100, 300, 200, 384, 384, 128, 256, 128, 256, 384, 256, 384)
(15, 'arrival', 646, 100, 100, 200, 100, 300, 300, 100, 100, 300, 384, 128, 384, 256, 256, 128, 256, 384, 384)
(20, 'departure', 641)
(25, 'departure', 645)
(30, 'arrival', 642, 100, 300, 100, 200, 100, 300, 300, 100, 100, 256, 128, 384, 128, 256, 384, 128, 128, 128)
(35, 'arrival', 644, 300, 300, 300, 100, 300, 300, 200, 100, 200, 128, 128, 128, 384, 256, 256, 384, 128, 384)
(40, 'arrival', 647, 100, 100, 200, 100, 100, 100, 300, 200, 100, 256, 256, 384, 128, 256, 384, 384, 256, 256)
(45, 'arrival', 636, 300, 100, 300, 200, 200, 300, 300, 100, 300, 128, 256, 384, 256, 256, 256, 128, 384, 128)
(50, 'arrival', 637, 300, 200, 100, 300, 200, 300, 200, 200, 300, 256, 384, 256, 128, 384, 384, 256, 128, 384)
(55, 'arrival', 643, 100, 100, 200, 300, 200, 100, 100, 200, 200, 256, 256, 256, 128, 128, 128, 256, 128, 384)
(60, 'departure', 637)
(65, 'arrival', 640, 300, 200, 300, 200, 300, 100, 100, 200, 100, 256, 256, 128, 128, 128, 128, 256, 384, 384)
(70, 'departure', 642)
(75, 'departure', 644)
(80, 'arrival', 638, 200, 300, 300, 300, 300, 100, 300, 200, 100, 128, 128, 256, 256, 384, 256, 256, 384, 384)
(85, 'departure', 646)
(90, 'departure', 647)
(95, 'departure', 638)
(100, 'departure', 636)
(105, 'departure', 639)
(110, 'departure', 643)
(115, 'departure', 640)
