24
(0, 'arrival', 648, 100, 200, 200, 100, 200, 200, 200, 100, 200, 128, 128, 256, 256, 128, 384, 384, 384, 384)
(5, 'arrival', 659, 200, 100, 100, 200, 100, 200, 200, 200, 300, 256, 128, 256, 384, 128, 128, 384, 384, 256)
(10, 'arrival', 658, 300, 100, 100, 300, 100, 100, 200, 100, 300, 128, 256, 384, 256, 128, 128, 256, 256, 128)
(15, 'arrival', 652, 300, 300, 100, 100, 300, 300, 300, 300, 100, 256, 128, 384, 384, 128, 384, 128, 384, 256)
(20, 'arrival', 656, 200, 200, 200, 300, 300, 100, 200, 200, 200, 384, 256, 384, 128, 384, 256, 384, 256, 256)
(25, 'arrival', 649, 100, 300, 100, 300, 100, 300, 300, 300, 100, 256, 384, 256, 256, 256, 128, 128, 384, 256)
(30, 'arrival', 651, 200, 100, 300, 200, 200, 200, 200, 200, 300, 384, 384, 256, 128, 128, 128, 256, 128, 256)
(35, 'departure', 658)
(40, 'arrival', 650, 200, 100, 200, 100, 300, 300, 300, 100, 200, 256, 256, 256, 128, 256, 128, 384, 384, 128)
(45, 'departure', 650)
(50, 'arrival', 654, 200, 300, 200, 300, 100, 300, 200, 200, 200, 128, 384, 256, 256, 256, 384, 256, 256, 128)
(55, 'arrival', 655, 100, 300, 200, 300, 300, 200, 100, 100, 200, 256, 128, 384, 128, 128, 256, 384, 384, 128)
(60, 'arrival', 657, 300, 100, 100, 300, 100, 300, 300, 200, 100, 384, 128, 128, 128, 256, 384, 256, 384, 128)
(65, 'arrival', 653, 100, 300, 300, 100, 200, 100, 200, 200, 300, 128, 384, 384, 128, 384, 384, 384, 256, 128)
(70, 'departure', 654)
(75, 'departure', 659)
(80, 'departure', 651)
(85, 'departure', 649)
(90, 'departure', 648)
(95, 'departure', 657)
(100, 'departure', 656)
(105, 'departure', 653)
(110, 'departure', 655)
(115, 'departure', 652)
