24
(0, 'arrival', 208, 300, 100, 100, 100, 100, 100, 100, 300, 100, 384, 256, 128, 256, 384, 256, 128, 256, 256)
(5, 'departure', 208)
(10, 'arrival', 212, 300, 100, 300, 100, 200, 100, 100, 200, 100, 128, 256, 128, 384, 384, 384, 384, 384, 256)
(15, 'departure', 212)
(20, 'arrival', 210, 200, 300, 100, 300, 200, 300, 100, 100, 200, 384, 384, 384, 128, 384, 128, 128, 128, 256)
(25, 'arrival', 205, 100, 100, 100, 100, 200, 100, 300, 100, 100, 256, 256, 256, 128, 128, 256, 256, 384, 384)
(30, 'arrival', 204, 300, 200, 200, 200, 300, 100, 200, 300, 200, 128, 384, 128, 128, 384, 128, 128, 384, 384)
(35, 'arrival', 206, 200, 200, 300, 100, 300, 200, 300, 100, 200, 256, 384, 384, 256, 256, 384, 128, 384, 256)
(40, 'arrival', 211, 200, 300, 100, 200, 100, 100, 200, 300, 100, 256, 384, 128, 384, 128, 256, 128, 128, 128)
(45, 'departure', 211)
(50, 'departure', 204)
(55, 'arrival', 215, 300, 100, 200, 300, 300, 200, 300, 100, 200, 384, 256, 256, 128, 256, 256, 384, 256, 128)
(60, 'departure', 205)
(65, 'arrival', 209, 200, 100, 200, 200, 200, 200, 100, 200, 200, 256, 256, 384, 128, 384, 128, 128, 256, 128)
(70, 'arrival', 207, 300, 300, 300, 200, 100, 200, 300, 200, 100, 384, 128, 256, 256, 256, 128, 256, 256, 384)
(75, 'arrival', 214, 200, 100, 200, 200, 200, 300, 300, 100, 300, 384, 128, 256, 384, 256, 384, 384, 128, 256)
(80, 'arrival', 213, 200, 300, 200, 300, 100, 100, 200, 300, 100, 384, 384, 384, 256, 384, 128, 128, 384, 128)
(85, 'departure', 210)
(90, 'departure', 215)
(95, 'departure', 213)
(100, 'departure', 207)
(105, 'departure', 206)
(110, 'departure', 214)
(115, 'departure', 209)
