24
(0, 'arrival', 138, 100, 100, 100, 200, 300, 200, 100, 100, 100, 384, 128, 256, 256, 384, 256, 128, 256, 128)
(5, 'arrival', 137, 100, 100, 100, 300, 300, 100, 200, 100, 300, 384, 384, 256, 384, 128, 128, 384, 128, 128)
(10, 'departure', 138)
(15, 'arrival', 136, 200, 100, 200, 200, 300, 300, 200, 200, 100, 256, 256, 384, 128, 256, 384, 384, 128, 128)
(20, 'arrival', 142, 200, 200, 100, 300, 300, 200, 200, 100, 200, 128, 128, 128, 128, 384, 384, 128, 384, 256)
(25, 'departure', 136)
(30, 'arrival', 143, 100, 100, 100, 100, 200, 100, 100, 300, 200, 256, 256, 384, 256, 384, 128, 384, 128, 256)
(35, 'arrival', 141, 100, 200, 200, 200, 200, 300, 200, 100, 100, 128, 384, 256, 256, 128, 256, 384, 256, 256)
(40, 'arrival', 140, 200, 200, 100, 200, 200, 300, 200, 100, 300, 384, 128, 384, 128, 128, 128, 128, 256, 128)
(45, 'departure', 141)
(50, 'departure', 140)
(55, 'arrival', 135, 300, 200, 100, 100, 100, 200, 200, 200, 300, 384, 384, 256, 256, 128, 128, 128, 384, 384)
(60, 'arrival', 134, 200, 100, 100, 200, 100, 100, 200, 200, 300, 384, 128, 256, 384, 128, 128, 256, 128, 128)
(65, 'arrival', 133, 200, 300, 100, 200, 200, 200, 300, 200, 300, 128, 256, 256, 256, 256, 384, 384, 256, 384)
(70, 'arrival', 132, 100, 200, 100, 100, 100, 200, 300, 300, 100, 384, 128, 256, 128, 384, 256, 384, 384, 256)
(75, 'arrival', 139, 200, 100, 300, 300, 200, 100, 300, 100, 200, 384, 384, 384, 256, 256, 128, 128, 256, 256)
(80, 'departure', 135)
(85, 'departure', 133)
(90, 'departure', 137)
(95, 'departure', 143)
(100, 'departure', 139)
(105, 'departure', 132)
(110, 'departure', 134)
(115, 'departure', 142)
