24
(0, 'arrival', 699, 300, 300, 100, 100, 200, 100, 200, 300, 100, 384, 384, 384, 384, 256, 128, 128, 256, 128)
(5, 'departure', 699)
(10, 'arrival', 696, 100, 100, 200, 100, 100, 300, 200, 100, 200, 384, 384, 384, 384, 256, 384, 384, 128, 256)
(15, 'departure', 696)
(20, 'arrival', 702, 200, 300, 100, 200, 300, 300, 300, 200, 100, 384, 384, 384, 256, 128, 256, 384, 384, 256)
(25, 'arrival', 707, 200, 200, 200, 300, 200, 300, 200, 100, 200, 128, 384, 128, 128, 384, 384, 256, 256, 256)
(30, 'arrival', 706, 100, 300, 300, 100, 300, 200, 200, 200, 300, 128, 384, 128, 128, 128, 384, 384, 128, 128)
(35, 'arrival', 705, 300, 300, 200, 100, 100, 300, 200, 300, 300, 128, 384, 128, 384, 128, 256, 128, 384, 256)
(40, 'departure', 706)
(45, 'departure', 705)
(50, 'departure', 707)
(55, 'arrival', 698, 300, 300, 100, 300, 100, 200, 300, 300, 200, 256, 128, 256, 256, 128, 256, 256, 384, 384)
(60, 'departure', 698)
(65, 'departure', 702)
(70, 'arrival', 701, 200, 300, 100, 100, 200, 200, 200, 300, 300, 256, 384, 256, 256, 128, 256, 384, 256, 128)
(75, 'departure', 701)
(80, 'arrival', 703, 100, 100, 200, 100, 300, 200, 100, 100, 100, 384, 128, 384, 256, 384, 384, 256, 128, 128)
(85, 'arrival', 700, 100, 300, 200, 300, 300, 300, 100, 100, 200, 256, 384, 128, 384, 384, 384, 384, 256, 384)
(90, 'arrival', 697, 200, 100, 200, 100, 200, 300, 300, 300, 200, 384, 128, 128, 128, 128, 128, 256, 384, 128)
(95, 'departure', 700)
(100, 'arrival', 704, 200, 200, 100, 200, 300, 300, 100, 200, 100, 128, 128, 128, 384, 256, 384, 128, 128, 384)
(105, 'departure', 697)
(110, 'departure', 703)
(115, 'departure', 704)
