24
(0, 'arrival', 486, 300, 300, 200, 100, 200, 100, 100, 200, 100, 384, 128, 256, 384, 384, 128, 256, 128, 256)
(5, 'departure', 486)
(10, 'arrival', 491, 300, 200, 300, 100, 100, 100, 100, 300, 300, 384, 256, 384, 384, 384, 384, 384, 256, 384)
(15, 'departure', 491)
(20, 'arrival', 480, 100, 100, 200, 100, 100, 200, 300, 300, 100, 384, 128, 128, 128, 256, 384, 128, 256, 256)
(25, 'arrival', 489, 200, 100, 200, 200, 300, 300, 100, 100, 100, 384, 384, 256, 256, 256, 256, 128, 384, 384)
(30, 'departure', 480)
(35, 'arrival', 487, 200, 300, 100, 200, 100, 100, 200, 300, 100, 384, 256, 128, 128, 128, 384, 256, 128, 128)
(40, 'arrival', 485, 200, 100, 100, 100, 300, 300, 100, 100, 300, 384, 128, 256, 256, 384, 256, 128, 256, 256)
(45, 'departure', 485)
(50, 'departure', 487)
(55, 'arrival', 482, 100, 300, 300, 100, 300, 300, 200, 200, 200, 384, 256, 128, 384, 256, 128, 256, 384, 384)
(60, 'arrival', 483, 100, 300, 100, 100, 200, 200, 100, 100, 300, 128, 256, 256, 128, 128, 384, 256, 128, 256)
(65, 'departure', 483)
(70, 'departure', 482)
(75, 'arrival', 484, 100, 200, 100, 100, 300, 100, 100, 300, 300, 256, 256, 384, 256, 384, 384, 256, 384, 256)
(80, 'arrival', 481, 200, 100, 300, 300, 300, 300, 300, 100, 200, 384, 384, 384, 384, 128, 384, 384, 384, 256)
(85, 'departure', 481)
(90, 'arrival', 488, 300, 100, 200, 200, 100, 300, 200, 100, 100, 384, 256, 128, 384, 384, 384, 256, 128, 128)
(95, 'departure', 489)
(100, 'arrival', 490, 200, 100, 300, 300, 100, 100, 300, 200, 100, 128, 384, 128, 128, 256, 256, 256, 256, 384)
(105, 'departure', 484)
(110, 'departure', 490)
(115, 'departure', 488)
