24
(0, 'arrival', 337, 100, 100, 300, 300, 100, 100, 100, 100, 300, 128, 256, 384, 384, 128, 256, 256, 384, 256)
(5, 'arrival', 343, 100, 200, 200, 100, 200, 300, 200, 100, 100, 256, 384, 384, 128, 128, 384, 128, 384, 128)
(10, 'arrival', 346, 300, 100, 200, 200, 100, 300, 100, 300, 300, 128, 128, 384, 384, 128, 256, 256, 128, 384)
(15, 'departure', 346)
(20, 'departure', 343)
(25, 'arrival', 339, 300, 300, 200, 200, 100, 300, 200, 300, 300, 256, 128, 384, 384, 384, 256, 256, 384, 256)
(30, 'departure', 339)
(35, 'arrival', 336, 100, 300, 300, 300, 200, 100, 100, 200, 300, 128, 128, 256, 384, 256, 384, 128, 128, 384)
(40, 'departure', 336)
(45, 'arrival', 344, 100, 100, 300, 200, 100, 300, 200, 200, 100, 384, 384, 256, 384, 384, 384, 256, 128, 256)
(50, 'arrival', 345, 100, 100, 200, 100, 100, 300, 200, 300, 100, 384, 128, 128, 128, 256, 128, 384, 128, 384)
(55, 'arrival', 342, 100, 100, 100, 100, 300, 100, 300, 300, 100, 256, 256, 128, 384, 384, 256, 256, 384, 128)
(60, 'arrival', 341, 200, 300, 200, 200, 200, 200, 200, 200, 300, 128, 384, 128, 128, 128, 128, 128, 384, 384)
(65, 'arrival', 347, 300, 100, 300, 100, 300, 200, 100, 200, 200, 128, 384, 128, 128, 256, 128, 256, 128, 128)
(70, 'arrival', 338, 200, 200, 200, 100, 200, 300, 200, 200, 200, 256, 256, 128, 384, 384, 384, 256, 256, 128)
(75, 'arrival', 340, 100, 300, 200, 300, 100, 200, 100, 100, 200, 128, 384, 128, 256, 128, 128, 128, 128, 384)
(80, 'departure', 338)
(85, 'departure', 347)
(90, 'departure', 342)
(95, 'departure', 345)
(100, 'departure', 344)
(105, 'departure', 337)
(110, 'departure', 340)
(115, 'departure', 341)
