24
(0, 'arrival', 316, 300, 100, 100, 100, 200, 200, 100, 200, 300, 128, 384, 384, 128, 384, 128, 128, 128, 256)
(5, 'departure', 316)
(10, 'arrival', 318, 300, 100, 100, 100, 200, 200, 100, 100, 100, 384, 128, 384, 384, 384, 256, 384, 384, 128)
(15, 'arrival', 317, 300, 300, 200, 300, 100, 300, 300, 300, 100, 384, 256, 128, 384, 128, 384, 128, 384, 256)
(20, 'arrival', 312, 100, 100, 200, 200, 300, 100, 200, 300, 200, 128, 128, 256, 384, 384, 128, 384, 256, 384)
(25, 'departure', 318)
(30, 'departure', 317)
(35, 'arrival', 319, 100, 200, 100, 200, 300, 300, 300, 100, 100, 384, 256, 128, 384, 384, 384, 128, 384, 384)
(40, 'arrival', 314, 100, 100, 300, 100, 100, 300, 100, 100, 300, 384, 128, 128, 128, 256, 384, 384, 128, 384)
(45, 'arrival', 321, 100, 200, 200, 100, 200, 100, 100, 300, 200, 384, 384, 128, 256, 128, 128, 256, 256, 384)
(50, 'departure', 319)
(55, 'arrival', 323, 100, 100, 200, 100, 300, 300, 200, 300, 100, 128, 384, 128, 256, 128, 128, 256, 384, 128)
(60, 'departure', 321)
(65, 'arrival', 315, 300, 200, 300, 300, 100, 200, 100, 100, 100, 128, 384, 256, 384, 384, 384, 128, 256, 384)
(70, 'departure', 323)
(75, 'arrival', 313, 100, 300, 300, 100, 100, 200, 200, 100, 300, 256, 256, 256, 128, 128, 384, 256, 128, 128)
(80, 'arrival', 322, 300, 100, 200, 300, 100, 300, 100, 300, 300, 128, 128, 128, 384, 128, 128, 256, 384, 384)
(85, 'arrival', 320, 300, 300, 200, 100, 200, 100, 300, 200, 100, 128, 128, 256, 256, 128, 256, 384, 384, 384)
(90, 'departure', 315)
(95, 'departure', 312)
(100, 'departure', 320)
(105, 'departure', 314)
(110, 'departure', 313)
(115, 'departure', 322)
