24
(0, 'arrival', 203, 100, 300, 300, 200, 300, 100, 200, 100, 100, 384, 384, 256, 256, 256, 384, 384, 128, 256)
(5, 'departure', 203)
(10, 'arrival', 198, 200, 200, 300, 200, 200, 100, 100, 100, 100, 384, 256, 128, 128, 384, 384, 384, 128, 128)
(15, 'arrival', 196, 300, 100, 100, 300, 200, 100, 300, 100, 300, 128, 256, 256, 384, 128, 128, 128, 256, 256)
(20, 'arrival', 192, 100, 100, 300, 100, 300, 200, 100, 100, 200, 256, 128, 256, 256, 384, 384, 256, 384, 128)
(25, 'arrival', 197, 100, 200, 100, 300, 100, 100, 300, 100, 300, 384, 384, 128, 384, 128, 128, 384, 384, 256)
(30, 'arrival', 201, 200, 300, 200, 200, 300, 200, 200, 300, 300, 128, 384, 128, 384, 128, 128, 128, 384, 384)
(35, 'arrival', 202, 200, 200, 300, 300, 200, 300, 200, 300, 100, 256, 384, 128, 384, 384, 384, 128, 128, 384)
(40, 'arrival', 200, 200, 200, 300, 100, 100, 300, 300, 100, 100, 256, 384, 128, 384, 128, 256, 256, 384, 384)
(45, 'departure', 198)
(50, 'arrival', 193, 300, 300, 200, 200, 100, 200, 300, 200, 300, 256, 128, 256, 256, 384, 128, 128, 256, 384)
(55, 'departure', 197)
(60, 'arrival', 199, 200, 200, 200, 300, 100, 200, 300, 300, 100, 256, 384, 384, 128, 256, 256, 256, 384, 128)
(65, 'departure', 202)
(70, 'departure', 196)
(75, 'departure', 192)
(80, 'departure', 200)
(85, 'arrival', 194, 100, 300, 300, 200, 100, 100, 200, 300, 100, 256, 256, 384, 256, 256, 256, 256, 128, 128)
(90, 'arrival', 195, 300, 200, 100, 100, 200, 300, 100, 300, 100, 384, 256, 128, 384, 384, 384, 128, 256, 128)
(95, 'departure', 193)
(100, 'departure', 199)
(105, 'departure', 195)
(110, 'departure', 201)
(115, 'departure', 194)
