24
(0, 'arrival', 605, 200, 200, 300, 200, 100, 300, 200, 100, 300, 384, 256, 384, 384, 384, 256, 384, 128, 128)
(5, 'arrival', 611, 200, 100, 200, 200, 100, 200, 300, 200, 200, 256, 384, 128, 256, 384, 128, 128, 256, 256)
(10, 'arrival', 601, 300, 300, 300, 100, 200, 200, 200, 300, 100, 256, 256, 256, 384, 128, 256, 384, 256, 256)
(15, 'arrival', 608, 200, 300, 300, 300, 300, 100, 300, 200, 100, 256, 128, 384, 256, 384, 256, 384, 128, 384)
(20, 'arrival', 604, 100, 300, 300, 100, 100, 200, 100, 200, 200, 256, 384, 128, 128, 384, 384, 384, 384, 256)
(25, 'departure', 601)
(30, 'departure', 611)
(35, 'arrival', 610, 100, 200, 300, 300, 100, 100, 300, 100, 200, 256, 128, 384, 256, 128, 384, 384, 128, 256)
(40, 'arrival', 602, 300, 100, 100, 100, 200, 300, 300, 100, 300, 256, 128, 256, 256, 128, 256, 384, 256, 256)
(45, 'arrival', 603, 100, 300, 300, 200, 200, 200, 300, 300, 100, 128, 384, 384, 384, 384, 128, 384, 384, 256)
(50, 'arrival', 607, 200, 300, 200, 100, 100, 100, 300, 200, 200, 128, 256, 128, 384, 384, 256, 256, 128, 384)
(55, 'arrival', 609, 100, 100, 200, 300, 300, 300, 100, 100, 200, 256, 128, 256, 256, 384, 256, 128, 384, 128)
(60, 'arrival', 606, 300, 100, 300, 200, 200, 200, 100, 100, 100, 384, 384, 128, 384, 256, 384, 256, 384, 128)
(65, 'arrival', 600, 300, 100, 300, 200, 200, 100, 100, 200, 300, 256, 128, 128, 384, 128, 128, 384, 384, 384)
(70, 'departure', 602)
(75, 'departure', 607)
(80, 'departure', 604)
(85, 'departure', 610)
(90, 'departure', 605)
(95, 'departure', 600)
(100, 'departure', 603)
(105, 'departure', 609)
(110, 'departure', 606)
(115, 'departure', 608)
