24
(0, 'arrival', 99, 100, 200, 200, 100, 200, 300, 100, 100, 200, 128, 128, 128, 256, 384, 384, 128, 384, 384)
(5, 'departure', 99)
(10, 'arrival', 103, 200, 200, 300, 300, 100, 200, 200, 300, 100, 256, 128, 256, 384, 128, 256, 384, 256, 128)
(15, 'arrival', 101, 300, 300, 100, 100, 100, 100, 100, 200, 300, 256, 256, 256, 256, 384, 384, 384, 128, 256)
(20, 'arrival', 106, 300, 100, 300, 300, 300, 300, 200, 100, 100, 384, 128, 128, 256, 256, 384, 384, 128, 256)
(25, 'departure', 101)
(30, 'arrival', 102, 300, 200, 100, 100, 100, 200, 300, 300, 200, 384, 256, 384, 128, 384, 128, 256, 256, 256)
(35, 'departure', 106)
(40, 'departure', 102)
(45, 'arrival', 104, 100, 100, 100, 300, 200, 200, 300, 300, 300, 128, 256, 128, 384, 128, 128, 128, 384, 384)
(50, 'departure', 103)
(55, 'arrival', 105, 200, 300, 100, 100, 100, 100, 100, 200, 300, 256, 256, 128, 128, 256, 128, 384, 256, 128)
(60, 'departure', 104)
(65, 'arrival', 107, 200, 100, 100, 300, 200, 100, 200, 300, 300, 256, 128, 256, 128, 256, 384, 128, 256, 256)
(70, 'arrival', 98, 100, 300, 200, 100, 300, 200, 100, 200, 200, 256, 128, 128, 128, 128, 384, 128, 384, 128)
(75, 'arrival', 100, 300, 300, 100, 200, 200, 300, 100, 100, 300, 256, 256, 384, 256, 384, 384, 128, 128, 128)
(80, 'arrival', 97, 300, 100, 200, 300, 200, 100, 300, 100, 200, 384, 256, 256, 384, 256, 256, 128, 128, 384)
(85, 'departure', 105)
(90, 'departure', 100)
(95, 'departure', 97)
(100, 'arrival', 96, 200, 300, 300, 200, 100, 200, 100, 200, 200, 256, 128, 384, 384, 256, 128, 256, 384, 128)
(105, 'departure', 107)
(110, 'departure', 96)
(115, 'departure', 98)
