24
(0, 'arrival', 678, 300, 300, 300, 300, 300, 200, 200, 100, 200, 384, 128, 256, 384, 256, 384, 384, 128, 256)
(5, 'arrival', 680, 300, 200, 200, 100, 100, 100, 100, 300, 100, 384, 128, 256, 384, 128, 384, 256, 384, 384)
(10, 'arrival', 675, 100, 300, 200, 300, 200, 300, 100, 100, 100, 128, 256, 256, 384, 384, 384, 256, 256, 128)
(15, 'arrival', 677, 200, 300, 200, 200, 200, 200, 300, 200, 300, 128, 128, 256, 256, 128, 384, 256, 256, 128)
(20, 'arrival', 683, 300, 300, 200, 100, 200, 200, 200, 100, 200, 128, 384, 256, 256, 128, 256, 384, 128, 384)
(25, 'departure', 677)
(30, 'arrival', 674, 100, 100, 300, 100, 200, 300, 300, 100, 300, 128, 256, 256, 256, 256, 256, 256, 128, 128)
(35, 'departure', 680)
(40, 'departure', 683)
(45, 'arrival', 676, 300, 100, 200, 200, 200, 300, 100, 200, 300, 384, 128, 256, 256, 256, 128, 256, 256, 384)
(50, 'arrival', 681, 100, 100, 200, 200, 100, 300, 100, 100, 100, 128, 256, 384, 128, 128, 256, 128, 384, 384)
(55, 'arrival', 672, 300, 100, 200, 200, 300, 200, 200, 300, 200, 384, 128, 384, 256, 256, 128, 384, 256, 384)
(60, 'departure', 681)
(65, 'arrival', 682, 300, 100, 100, 200, 200, 200, 200, 300, 200, 128, 128, 128, 128, 128, 128, 384, 256, 128)
(70, 'arrival', 679, 300, 100, 200, 100, 100, 100, 100, 300, 300, 128, 256, 256, 256, 128, 128, 256, 384, 128)
(75, 'arrival', 673, 200, 200, 300, 300, 200, 200, 200, 100, 100, 256, 384, 128, 256, 384, 384, 384, 128, 128)
(80, 'departure', 679)
(85, 'departure', 675)
(90, 'departure', 673)
(95, 'departure', 678)
(100, 'departure', 682)
(105, 'departure', 672)
(110, 'departure', 674)
(115, 'departure', 676)
