24
(0, 'arrival', 514, 200, 100, 300, 100, 300, 100, 100, 100, 200, 256, 384, 256, 256, 384, 256, 256, 256, 384)
(5, 'arrival', 505, 200, 100, 100, 300, 100, 200, 100, 300, 300, 128, 128, 128, 128, 384, 128, 256, 128, 256)
(10, 'arrival', 511, 100, 300, 300, 200, 100, 100, 200, 100, 300, 256, 384, 256, 256, 128, 384, 384, 384, 128)
(15, 'arrival', 512, 200, 300, 300, 100, 100, 200, 100, 100, 100, 384, 256, 384, 256, 384, 384, 128, 256, 384)
(20, 'arrival', 506, 300, 300, 300, 300, 300, 200, 200, 200, 100, 384, 384, 256, 384, 128, 128, 384, 256, 128)
(25, 'arrival', 510, 200, 100, 200, 200, 300, 200, 300, 300, 100, 384, 128, 128, 128, 384, 384, 128, 128, 384)
(30, 'departure', 512)
(35, 'arrival', 509, 300, 100, 200, 100, 300, 100, 200, 200, 300, 256, 128, 256, 256, 128, 384, 128, 384, 256)
(40, 'arrival', 508, 200, 200, 300, 200, 200, 100, 300, 200, 100, 384, 256, 384, 384, 128, 256, 256, 128, 256)
(45, 'arrival', 513, 200, 300, 200, 100, 200, 200, 200, 300, 100, 384, 256, 128, 256, 384, 256, 384, 256, 384)
(50, 'arrival', 515, 300, 300, 200, 100, 300, 300, 100, 200, 300, 128, 256, 256, 256, 384, 256, 384, 128, 128)
(55, 'arrival', 504, 100, 200, 100, 100, 200, 200, 300, 200, 100, 384, 256, 384, 384, 384, 128, 128, 256, 256)
(60, 'departure', 506)
(65, 'arrival', 507, 200, 300, 100, 100, 300, 200, 100, 300, 100, 256, 256, 128, 128, 128, 256, 128, 128, 384)
(70, 'departure', 509)
(75, 'departure', 505)
(80, 'departure', 513)
(85, 'departure', 508)
(90, 'departure', 511)
(95, 'departure', 510)
(100, 'departure', 504)
(105, 'departure', 507)
(110, 'departure', 514)
(115, 'departure', 515)
