24
(0, 'arrival', 540, 200, 200, 100, 300, 100, 200, 200, 200, 200, 256, 128, 256, 384, 128, 384, 256, 256, 256)
(5, 'arrival', 549, 100, 100, 300, 100, 200, 200, 300, 100, 100, 384, 128, 384, 384, 384, 128, 128, 128, 256)
(10, 'arrival', 546, 100, 300, 200, 300, 200, 100, 100, 200, 300, 384, 256, 384, 384, 384, 128, 128, 256, 256)
(15, 'arrival', 543, 300, 100, 300, 100, 300, 100, 300, 200, 100, 384, 128, 384, 128, 256, 384, 128, 128, 128)
(20, 'departure', 546)
(25, 'departure', 540)
(30, 'arrival', 551, 100, 200, 200, 100, 200, 300, 300, 300, 200, 256, 128, 384, 128, 128, 384, 384, 256, 256)
(35, 'arrival', 542, 100, 200, 100, 200, 200, 200, 100, 100, 300, 256, 128, 256, 384, 256, 128, 128, 128, 128)
(40, 'arrival', 550, 200, 100, 300, 200, 100, 100, 100, 300, 100, 256, 128, 256, 128, 128, 256, 384, 256, 128)
(45, 'departure', 543)
(50, 'arrival', 544, 100, 200, 100, 200, 300, 200, 100, 200, 100, 256, 256, 128, 256, 128, 384, 384, 384, 256)
(55, 'arrival', 547, 300, 300, 100, 100, 100, 200, 300, 100, 200, 384, 128, 128, 128, 128, 256, 256, 256, 256)
(60, 'departure', 544)
(65, 'arrival', 545, 100, 200, 300, 100, 300, 100, 100, 100, 200, 384, 128, 384, 128, 256, 128, 384, 384, 256)
(70, 'departure', 547)
(75, 'arrival', 541, 200, 100, 200, 300, 300, 200, 200, 200, 100, 256, 384, 256, 128, 384, 256, 384, 384, 128)
(80, 'arrival', 548, 200, 300, 300, 200, 200, 300, 300, 100, 200, 128, 256, 128, 384, 128, 128, 256, 128, 384)
(85, 'departure', 542)
(90, 'departure', 551)
(95, 'departure', 550)
(100, 'departure', 545)
(105, 'departure', 541)
(110, 'departure', 549)
(115, 'departure', 548)
