24
(0, 'arrival', 521, 300, 200, 200, 300, 200, 300, 200, 100, 300, 384, 384, 384, 384, 384, 128, 256, 384, 128)
(5, 'departure', 521)
(10, 'arrival', 522, 300, 100, 100, 200, 100, 200, 300, 100, 100, 128, 128, 128, 128, 256, 256, 128, 384, 256)
(15, 'arrival', 525, 200, 300, 300, 100, 200, 300, 100, 100, 100, 256, 256, 384, 128, 256, 256, 256, 384, 256)
(20, 'arrival', 523, 300, 300, 100, 200, 100, 200, 300, 200, 300, 256, 256, 128, 256, 384, 256, 128, 256, 256)
(25, 'arrival', 526, 200, 200, 100, 300, 200, 200, 100, 100, 300, 384, 256, 384, 128, 256, 256, 128, 384, 384)
(30, 'arrival', 527, 200, 300, 100, 100, 100, 100, 100, 300, 200, 128, 128, 128, 128, 128, 128, 256, 128, 128)
(35, 'arrival', 516, 300, 100, 300, 100, 200, 200, 300, 200, 100, 128, 384, 128, 128, 128, 256, 128, 384, 128)
(40, 'arrival', 520, 300, 100, 300, 100, 200, 200, 100, 300, 200, 256, 384, 128, 256, 256, 128, 128, 128, 128)
(45, 'arrival', 524, 300, 200, 300, 100, 200, 200, 100, 100, 200, 128, 128, 128, 384, 256, 128, 256, 256, 128)
(50, 'departure', 516)
(55, 'arrival', 518, 200, 300, 100, 300, 200, 300, 100, 300, 100, 384, 128, 256, 384, 128, 256, 128, 384, 128)
(60, 'departure', 523)
(65, 'departure', 518)
(70, 'arrival', 519, 100, 100, 100, 200, 100, 100, 100, 300, 200, 256, 128, 128, 256, 384, 384, 384, 256, 256)
(75, 'arrival', 517, 300, 300, 200, 100, 100, 100, 300, 200, 200, 128, 128, 384, 384, 128, 256, 128, 128, 384)
(80, 'departure', 527)
(85, 'departure', 517)
(90, 'departure', 519)
(95, 'departure', 520)
(100, 'departure', 525)
(105, 'departure', 526)
(110, 'departure', 522)
(115, 'departure', 524)
