24
(0, 'arrival', 126, 300, 200, 300, 200, 300, 200, 100, 200, 300, 384, 256, 256, 256, 128, 128, 384, 256, 128)
(5, 'arrival', 121, 100, 200, 200, 200, 200, 100, 100, 200, 100, 256, 256, 128, 384, 384, 256, 384, 128, 384)
(10, 'departure', 126)
(15, 'arrival', 131, 100, 300, 100, 100, 200, 100, 200, 100, 100, 256, 128, 384, 256, 128, 384, 256, 128, 384)
(20, 'arrival', 120, 300, 100, 300, 300, 100, 300, 200, 300, 300, 256, 256, 256, 256, 256, 256, 256, 384, 256)
(25, 'departure', 120)
(30, 'departure', 121)
(35, 'departure', 131)
(40, 'arrival', 127, 100, 100, 200, 300, 200, 100, 300, 100, 200, 384, 128, 384, 384, 256, 256, 128, 128, 256)
(45, 'arrival', 128, 100, 300, 300, 100, 300, 200, 300, 200, 200, 128, 384, 128, 384, 256, 384, 128, 384, 256)
(50, 'departure', 128)
(55, 'arrival', 125, 100, 300, 300, 100, 200, 300, 100, 200, 200, 384, 384, 384, 128, 256, 384, 128, 384, 256)
(60, 'arrival', 130, 200, 100, 200, 200, 100, 300, 200, 100, 100, 128, 128, 128, 128, 256, 384, 256, 128, 256)
(65, 'departure', 125)
(70, 'arrival', 129, 100, 200, 300, 200, 200, 100, 100, 100, 300, 128, 128, 256, 384, 384, 256, 384, 384, 384)
(75, 'departure', 127)
(80, 'arrival', 123, 100, 100, 100, 300, 100, 300, 100, 200, 200, 128, 256, 384, 384, 384, 384, 384, 128, 256)
(85, 'arrival', 124, 300, 200, 100, 300, 300, 200, 300, 300, 200, 128, 128, 128, 128, 256, 256, 128, 256, 128)
(90, 'departure', 124)
(95, 'departure', 123)
(100, 'arrival', 122, 300, 200, 300, 300, 200, 100, 100, 300, 300, 128, 384, 384, 384, 384, 128, 256, 256, 384)
(105, 'departure', 129)
(110, 'departure', 130)
(115, 'departure', 122)
