24
(0, 'arrival', 233, 300, 300, 200, 300, 300, 100, 100, 200, 100, 256, 384, 256, 256, 128, 384, 128, 256, 384)
(5, 'departure', 233)
(10, 'arrival', 229, 100, 200, 300, 200, 300, 300, 300, 100, 100, 384, 256, 384, 256, 128, 384, 256, 384, 128)
(15, 'departure', 229)
(20, 'arrival', 234, 300, 200, 300, 100, 100, 200, 100, 200, 300, 384, 128, 128, 384, 384, 256, 128, 256, 128)
(25, 'departure', 234)
(30, 'arrival', 232, 200, 100, 300, 100, 200, 200, 200, 300, 200, 128, 384, 128, 128, 256, 256, 384, 128, 256)
(35, 'arrival', 235, 100, 300, 300, 300, 200, 300, 300, 100, 200, 256, 256, 384, 384, 128, 128, 128, 384, 384)
(40, 'arrival', 239, 300, 200, 100, 100, 300, 200, 200, 300, 200, 256, 128, 128, 256, 384, 384, 128, 384, 384)
(45, 'arrival', 228, 100, 300, 300, 200, 300, 300, 300, 200, 200, 128, 256, 384, 128, 128, 256, 128, 256, 256)
(50, 'arrival', 237, 300, 200, 300, 200, 100, 300, 100, 300, 100, 128, 384, 128, 256, 256, 256, 128, 128, 128)
(55, 'departure', 232)
(60, 'arrival', 231, 300, 300, 300, 300, 200, 100, 300, 100, 100, 128, 128, 256, 128, 256, 384, 256, 384, 128)
(65, 'departure', 228)
(70, 'departure', 237)
(75, 'departure', 235)
(80, 'arrival', 238, 100, 100, 300, 300, 100, 300, 100, 100, 300, 384, 384, 128, 384, 256, 128, 128, 256, 256)
(85, 'arrival', 230, 300, 300, 300, 200, 100, 200, 300, 300, 300, 128, 384, 384, 256, 256, 256, 128, 256, 128)
(90, 'departure', 239)
(95, 'arrival', 236, 200, 100, 300, 300, 100, 100, 200, 300, 200, 128, 384, 256, 128, 384, 256, 256, 384, 128)
(100, 'departure', 238)
(105, 'departure', 230)
(110, 'departure', 231)
(115, 'departure', 236)
