24
(0, 'arrival', 687, 100, 200, 200, 200, 300, 100, 200, 100, 200, 384, 256, 128, 128, 256, 128, 384, 256, 128)
(5, 'arrival', 695, 300, 200, 300, 300, 300, 100, 100, 100, 300, 384, 256, 128, 256, 384, 256, 256, 128, 256)
(10, 'arrival', 686, 100, 300, 300, 200, 300, 100, 300, 100, 200, 384, 256, 128, 256, 128, 384, 128, 256, 256)
(15, 'arrival', 692, 100, 100, 200, 200, 100, 300, 200, 300, 300, 128, 256, 384, 384, 384, 256, 256, 384, 256)
(20, 'departure', 687)
(25, 'departure', 695)
(30, 'arrival', 689, 300, 300, 300, 100, 300, 200, 100, 200, 300, 256, 256, 256, 128, 256, 384, 384, 256, 256)
(35, 'arrival', 688, 300, 100, 200, 100, 300, 100, 100, 200, 100, 256, 256, 128, 128, 256, 256, 128, 128, 256)
(40, 'arrival', 685, 200, 100, 100, 300, 300, 300, 100, 100, 200, 256, 128, 128, 128, 128, 384, 128, 128, 384)
(45, 'departure', 689)
(50, 'arrival', 690, 300, 200, 200, 300, 100, 100, 300, 200, 200, 128, 256, 256, 384, 384, 384, 384, 384, 384)
(55, 'arrival', 694, 200, 100, 100, 200, 200, 200, 200, 300, 200, 256, 384, 128, 384, 128, 128, 256, 128, 128)
(60, 'arrival', 684, 100, 300, 100, 200, 200, 100, 200, 300, 100, 256, 256, 128, 128, 384, 256, 384, 384, 256)
(65, 'arrival', 691, 300, 100, 100, 100, 300, 300, 300, 200, 100, 256, 128, 256, 128, 384, 128, 256, 384, 128)
(70, 'arrival', 693, 200, 300, 200, 200, 200, 300, 300, 100, 300, 384, 128, 128, 128, 384, 128, 384, 384, 128)
(75, 'departure', 694)
(80, 'departure', 691)
(85, 'departure', 692)
(90, 'departure', 690)
(95, 'departure', 693)
(100, 'departure', 686)
(105, 'departure', 684)
(110, 'departure', 685)
(115, 'departure', 688)
