24
(0, 'arrival', 569, 200, 100, 100, 300, 200, 300, 300, 300, 300, 384, 256, 256, 128, 256, 384, 128, 256, 256)
(5, 'departure', 569)
(10, 'arrival', 573, 100, 200, 300, 300, 200, 200, 300, 100, 300, 256, 384, 384, 256, 128, 384, 256, 128, 384)
(15, 'arrival', 566, 200, 300, 300, 300, 200, 300, 300, 200, 300, 256, 384, 128, 384, 128, 256, 384, 256, 128)
(20, 'departure', 566)
(25, 'arrival', 575, 300, 100, 200, 200, 300, 300, 100, 300, 300, 128, 128, 384, 128, 128, 256, 384, 384, 384)
(30, 'arrival', 567, 100, 300, 300, 300, 100, 200, 300, 100, 300, 384, 128, 128, 256, 128, 256, 256, 384, 256)
(35, 'departure', 573)
(40, 'arrival', 564, 100, 200, 300, 300, 200, 100, 300, 100, 300, 256, 384, 384, 128, 256, 384, 128, 256, 128)
(45, 'arrival', 574, 300, 100, 300, 200, 100, 100, 100, 300, 200, 128, 384, 256, 384, 128, 128, 128, 384, 256)
(50, 'departure', 567)
(55, 'departure', 564)
(60, 'arrival', 565, 200, 100, 100, 100, 100, 300, 100, 200, 100, 384, 384, 128, 384, 384, 256, 256, 256, 128)
(65, 'arrival', 572, 300, 200, 100, 300, 100, 300, 300, 300, 100, 384, 384, 384, 384, 128, 384, 128, 384, 128)
(70, 'arrival', 568, 100, 300, 100, 300, 300, 100, 200, 100, 200, 256, 256, 128, 128, 128, 384, 128, 256, 384)
(75, 'arrival', 571, 300, 200, 100, 100, 200, 100, 300, 200, 300, 384, 256, 128, 128, 128, 128, 256, 384, 256)
(80, 'departure', 571)
(85, 'arrival', 570, 300, 100, 300, 100, 300, 100, 200, 100, 300, 128, 128, 128, 256, 256, 384, 128, 384, 256)
(90, 'departure', 565)
(95, 'departure', 575)
(100, 'departure', 568)
(105, 'departure', 570)
(110, 'departure', 574)
(115, 'departure', 572)
