24
(0, 'arrival', 128, 200, 100, 300, 100, 100, 300, 100, 200, 300, 256, 256, 128, 384, 256, 128, 128, 256, 384)
(5, 'arrival', 124, 300, 300, 300, 200, 100, 300, 200, 300, 100, 384, 384, 256, 128, 256, 384, 128, 384, 256)
(10, 'arrival', 130, 200, 200, 200, 100, 200, 100, 200, 200, 200, 128, 256, 128, 256, 128, 128, 256, 256, 256)
(15, 'arrival', 122, 200, 300, 200, 300, 200, 300, 100, 200, 100, 384, 256, 256, 384, 128, 128, 256, 128, 128)
(20, 'arrival', 125, 200, 200, 300, 100, 100, 100, 100, 200, 100, 384, 128, 128, 128, 256, 128, 256, 256, 256)
(25, 'arrival', 129, 200, 200, 100, 300, 300, 100, 100, 200, 200, 128, 384, 128, 256, 256, 128, 256, 256, 256)
(30, 'departure', 122)
(35, 'arrival', 126, 200, 100, 300, 300, 100, 300, 300, 300, 300, 256, 256, 128, 384, 384, 384, 128, 128, 384)
(40, 'arrival', 127, 200, 100, 200, 200, 200, 300, 200, 100, 100, 256, 256, 128, 384, 384, 256, 256, 384, 256)
(45, 'arrival', 121, 300, 100, 300, 100, 100, 100, 300, 300, 200, 256, 128, 384, 256, 128, 256, 256, 384, 384)
(50, 'arrival', 120, 200, 100, 200, 300, 200, 300, 300, 200, 100, 384, 128, 384, 256, 128, 256, 256, 256, 128)
(55, 'arrival', 131, 300, 300, 200, 300, 100, 100, 200, 200, 300, 128, 128, 128, 256, 256, 256, 384, 256, 384)
(60, 'arrival', 123, 200, 300, 200, 300, 300, 100, 100, 200, 100, 256, 256, 128, 256, 384, 128, 128, 128, 384)
(65, 'departure', 131)
(70, 'departure', 129)
(75, 'departure', 128)
(80, 'departure', 125)
(85, 'departure', 120)
(90, 'departure', 126)
(95, 'departure', 127)
(100, 'departure', 121)
(105, 'departure', 123)
(110, 'departure', 124)
(115, 'departure', 130)
