24
(0, 'arrival', 42, 200, 100, 100, 300, 200, 300, 100, 300, 300, 256, 256, 384, 384, 384, 384, 128, 384, 128)
(5, 'arrival', 36, 100, 200, 300, 100, 200, 300, 300, 300, 300, 256, 384, 128, 128, 256, 384, 128, 128, 256)
(10, 'arrival', 38, 300, 100, 200, 200, 300, 200, 200, 300, 300, 256, 384, 256, 256, 384, 128, 256, 128, 384)
(15, 'arrival', 39, 200, 100, 200, 200, 100, 200, 300, 200, 200, 384, 384, 128, 128, 384, 128, 256, 256, 128)
(20, 'arrival', 41, 200, 300, 300, 200, 200, 100, 200, 200, 100, 384, 256, 128, 256, 384, 128, 384, 256, 128)
(25, 'arrival', 43, 100, 200, 200, 200, 300, 300, 100, 300, 200, 384, 256, 256, 384, 128, 128, 384, 256, 384)
(30, 'arrival', 40, 100, 300, 200, 300, 300, 200, 200, 300, 100, 384, 128, 256, 128, 256, 256, 384, 256, 256)
(35, 'arrival', 44, 200, 100, 200, 300, 200, 300, 100, 300, 200, 256, 384, 384, 256, 128, 256, 128, 128, 256)
(40, 'arrival', 46, 200, 200, 300, 200, 200, 100, 300, 100, 200, 128, 384, 384, 256, 256, 256, 256, 128, 128)
(45, 'arrival', 47, 200, 300, 200, 200, 300, 100, 300, 100, 200, 256, 128, 128, 256, 384, 384, 256, 128, 256)
(50, 'departure', 42)
(55, 'arrival', 45, 200, 200, 300, 200, 200, 300, 300, 300, 100, 384, 256, 384, 384, 128, 384, 128, 384, 256)
(60, 'arrival', 37, 100, 300, 200, 300, 300, 200, 100, 200, 100, 128, 128, 128, 256, 256, 128, 128, 384, 128)
(65, 'departure', 43)
(70, 'departure', 44)
(75, 'departure', 37)
(80, 'departure', 45)
(85, 'departure', 41)
(90, 'departure', 39)
(95, 'departure', 47)
(100, 'departure', 40)
(105, 'departure', 36)
(110, 'departure', 46)
(115, 'departure', 38)
