24
(0, 'arrival', 165, 200, 300, 100, 300, 100, 300, 100, 100, 300, 384, 384, 128, 384, 256, 256, 384, 128, 256)
(5, 'arrival', 157, 300, 300, 100, 100, 100, 300, 300, 100, 100, 128, 256, 256, 128, 128, 256, 256, 128, 384)
(10, 'arrival', 163, 200, 200, 100, 300, 300, 100, 300, 100, 300, 256, 384, 384, 128, 256, 384, 256, 256, 128)
(15, 'arrival', 164, 300, 100, 300, 100, 200, 200, 300, 100, 200, 256, 384, 128, 384, 384, 128, 128, 128, 384)
(20, 'departure', 164)
(25, 'arrival', 159, 300, 300, 300, 200, 200, 200, 100, 200, 200, 384, 384, 128, 384, 384, 384, 128, 256, 256)
(30, 'arrival', 161, 300, 300, 300, 200, 200, 300, 200, 200, 200, 256, 384, 384, 256, 384, 384, 128, 128, 384)
(35, 'arrival', 162, 100, 200, 100, 300, 300, 200, 100, 200, 300, 384, 384, 128, 384, 256, 384, 256, 384, 256)
(40, 'arrival', 160, 100, 100, 200, 200, 100, 300, 100, 200, 200, 128, 128, 384, 128, 256, 128, 384, 384, 128)
(45, 'arrival', 167, 200, 300, 200, 100, 100, 200, 300, 100, 200, 128, 384, 256, 128, 256, 256, 384, 128, 256)
(50, 'arrival', 166, 200, 200, 100, 300, 200, 300, 300, 300, 200, 128, 256, 384, 128, 384, 256, 256, 256, 384)
(55, 'arrival', 158, 100, 100, 200, 100, 100, 100, 100, 300, 200, 384, 384, 384, 256, 128, 128, 384, 256, 256)
(60, 'arrival', 156, 300, 200, 300, 200, 100, 200, 100, 100, 100, 256, 384, 256, 384, 128, 128, 128, 128, 128)
(65, 'departure', 157)
(70, 'departure', 158)
(75, 'departure', 165)
(80, 'departure', 162)
(85, 'departure', 166)
(90, 'departure', 167)
(95, 'departure', 156)
(100, 'departure', 159)
(105, 'departure', 161)
(110, 'departure', 160)
(115, 'departure', 163)
