24
(0, 'arrival', 70, 200, 100, 100, 100, 200, 100, 300, 300, 100, 128, 256, 128, 128, 128, 128, 128, 128, 384)
(5, 'departure', 70)
(10, 'arrival', 67, 200, 100, 300, 100, 100, 100, 300, 200, 200, 384, 128, 384, 384, 128, 256, 384, 256, 128)
(15, 'arrival', 60, 200, 200, 300, 100, 300, 300, 100, 100, 300, 256, 128, 128, 128, 256, 128, 256, 256, 128)
(20, 'arrival', 66, 100, 100, 300, 100, 300, 100, 100, 100, 300, 256, 384, 384, 256, 128, 384, 256, 384, 256)
(25, 'arrival', 71, 200, 300, 100, 100, 200, 200, 100, 100, 100, 384, 128, 128, 384, 384, 384, 256, 384, 128)
(30, 'arrival', 62, 100, 200, 100, 300, 200, 100, 100, 300, 200, 384, 384, 384, 256, 128, 384, 128, 384, 256)
(35, 'arrival', 65, 200, 200, 200, 300, 200, 300, 300, 200, 100, 384, 384, 384, 256, 128, 256, 256, 256, 256)
(40, 'arrival', 63, 200, 200, 100, 200, 200, 100, 300, 300, 100, 256, 384, 384, 128, 128, 256, 128, 128, 128)
(45, 'arrival', 64, 300, 300, 300, 300, 300, 100, 300, 100, 200, 256, 128, 256, 256, 128, 384, 256, 384, 128)
(50, 'arrival', 68, 100, 100, 100, 100, 300, 100, 200, 100, 200, 128, 128, 384, 256, 128, 128, 384, 128, 128)
(55, 'arrival', 61, 300, 300, 100, 100, 300, 100, 200, 100, 100, 384, 384, 256, 384, 384, 384, 256, 128, 256)
(60, 'arrival', 69, 300, 300, 100, 100, 100, 200, 200, 100, 300, 128, 256, 256, 256, 384, 128, 256, 384, 128)
(65, 'departure', 64)
(70, 'departure', 62)
(75, 'departure', 65)
(80, 'departure', 71)
(85, 'departure', 68)
(90, 'departure', 67)
(95, 'departure', 69)
(100, 'departure', 61)
(105, 'departure', 63)
(110, 'departure', 60)
(115, 'departure', 66)
