24
(0, 'arrival', 135, 300, 300, 100, 100, 300, 300, 100, 200, 100, 256, 384, 384, 256, 256, 256, 384, 256, 256)
(5, 'arrival', 143, 100, 100, 200, 100, 300, 100, 200, 200, 300, 256, 384, 384, 256, 128, 384, 384, 128, 384)
(10, 'arrival', 140, 200, 100, 100, 300, 200, 200, 100, 100, 100, 128, 128, 128, 256, 384, 256, 256, 128, 384)
(15, 'arrival', 134, 300, 300, 200, 100, 300, 300, 100, 200, 300, 128, 384, 128, 128, 128, 256, 256, 384, 256)
(20, 'arrival', 132, 300, 200, 100, 100, 100, 200, 200, 100, 100, 128, 128, 256, 384, 384, 128, 256, 128, 384)
(25, 'arrival', 133, 200, 100, 300, 300, 100, 300, 100, 100, 300, 384, 128, 256, 384, 256, 256, 384, 384, 384)
(30, 'arrival', 136, 300, 300, 100, 200, 200, 300, 200, 300, 100, 128, 256, 384, 128, 128, 384, 256, 384, 128)
(35, 'arrival', 142, 200, 100, 300, 200, 100, 200, 300, 300, 100, 128, 128, 384, 256, 256, 128, 384, 128, 384)
(40, 'arrival', 137, 200, 100, 300, 100, 200, 100, 200, 200, 100, 128, 384, 256, 256, 256, 256, 128, 384, 384)
(45, 'arrival', 138, 300, 200, 300, 200, 200, 100, 200, 300, 200, 384, 256, 128, 128, 256, 128, 128, 128, 384)
(50, 'arrival', 139, 300, 100, 200, 300, 200, 300, 200, 200, 300, 128, 128, 256, 256, 384, 256, 128, 384, 384)
(55, 'arrival', 141, 100, 200, 100, 300, 200, 200, 200, 300, 100, 128, 128, 256, 384, 128, 128, 256, 256, 384)
(60, 'departure', 142)
(65, 'departure', 136)
(70, 'departure', 143)
(75, 'departure', 140)
(80, 'departure', 133)
(85, 'departure', 137)
(90, 'departure', 138)
(95, 'departure', 132)
(100, 'departure', 135)
(105, 'departure', 141)
(110, 'departure', 134)
(115, 'departure', 139)
