24
(0, 'arrival', 148, 300, 300, 100, 300, 100, 200, 200, 100, 200, 256, 128, 256, 384, 384, 128, 384, 128, 384)
(5, 'arrival', 144, 100, 300, 300, 300, 200, 300, 100, 100, 100, 128, 128, 384, 384, 128, 256, 128, 128, 384)
(10, 'arrival', 154, 300, 300, 300, 300, 300, 100, 200, 300, 300, 128, 384, 384, 256, 128, 256, 128, 384, 256)
(15, 'arrival', 150, 200, 300, 200, 200, 200, 200, 200, 200, 100, 256, 384, 256, 128, 384, 384, 384, 128, 256)
(20, 'arrival', 151, 100, 200, 300, 300, 300, 300, 200, 300, 200, 128, 256, 128, 128, 256, 384, 128, 256, 128)
(25, 'arrival', 152, 100, 100, 300, 200, 100, 100, 200, 200, 100, 384, 128, 128, 256, 128, 384, 256, 256, 128)
(30, 'arrival', 153, 200, 200, 100, 200, 300, 300, 200, 300, 100, 256, 384, 128, 128, 256, 128, 128, 256, 128)
(35, 'arrival', 145, 200, 200, 100, 300, 100, 300, 200, 100, 100, 256, 384, 128, 256, 384, 256, 256, 128, 256)
(40, 'departure', 145)
(45, 'arrival', 147, 100, 100, 200, 300, 200, 300, 300, 300, 200, 128, 128, 384, 128, 128, 128, 128, 128, 384)
(50, 'arrival', 146, 200, 300, 300, 100, 100, 300, 300, 100, 200, 256, 128, 256, 128, 384, 384, 128, 256, 384)
(55, 'arrival', 155, 100, 300, 200, 300, 300, 200, 200, 100, 200, 256, 384, 128, 128, 128, 128, 384, 256, 256)
(60, 'arrival', 149, 100, 300, 300, 200, 100, 300, 200, 100, 200, 256, 256, 128, 128, 256, 256, 384, 128, 256)
(65, 'departure', 148)
(70, 'departure', 153)
(75, 'departure', 154)
(80, 'departure', 149)
(85, 'departure', 155)
(90, 'departure', 152)
(95, 'departure', 150)
(100, 'departure', 151)
(105, 'departure', 146)
(110, 'departure', 147)
(115, 'departure', 144)
