24
(0, 'arrival', 101, 100, 100, 100, 100, 100, 200, 300, 100, 200, 384, 384, 384, 128, 384, 128, 128, 256, 256)
(5, 'arrival', 106, 100, 200, 100, 200, 100, 300, 100, 100, 300, 256, 128, 128, 256, 256, 384, 384, 128, 128)
(10, 'arrival', 96, 300, 100, 300, 100, 100, 200, 100, 100, 200, 256, 128, 384, 384, 384, 128, 384, 128, 128)
(15, 'arrival', 98, 300, 200, 200, 200, 300, 300, 100, 100, 300, 384, 256, 256, 128, 384, 256, 256, 128, 128)
(20, 'arrival', 97, 200, 100, 300, 100, 200, 100, 300, 100, 100, 256, 384, 256, 256, 128, 384, 128, 384, 128)
(25, 'arrival', 100, 300, 200, 200, 300, 200, 300, 200, 300, 200, 128, 256, 256, 256, 256, 256, 256, 256, 384)
(30, 'arrival', 104, 100, 300, 200, 200, 200, 300, 100, 200, 300, 384, 128, 384, 128, 384, 384, 256, 256, 256)
(35, 'arrival', 103, 200, 200, 200, 100, 100, 100, 300, 300, 300, 384, 256, 256, 384, 384, 128, 256, 256, 256)
(40, 'arrival', 99, 200, 200, 300, 200, 200, 200, 300, 200, 200, 384, 384, 256, 256, 384, 256, 256, 256, 256)
(45, 'arrival', 102, 100, 200, 100, 100, 100, 200, 200, 300, 300, 384, 128, 384, 128, 128, 256, 384, 384, 384)
(50, 'arrival', 107, 100, 200, 100, 200, 200, 200, 100, 200, 300, 256, 384, 256, 128, 384, 256, 256, 384, 384)
(55, 'arrival', 105, 300, 200, 200, 200, 200, 100, 200, 100, 200, 128, 384, 128, 256, 128, 256, 128, 128, 128)
(60, 'departure', 96)
(65, 'departure', 98)
(70, 'departure', 101)
(75, 'departure', 104)
(80, 'departure', 106)
(85, 'departure', 105)
(90, 'departure', 102)
(95, 'departure', 97)
(100, 'departure', 103)
(105, 'departure', 99)
(110, 'departure', 100)
(115, 'departure', 107)
