24
(0, 'arrival', 23, 100, 200, 200, 300, 300, 200, 200, 200, 200, 256, 128, 256, 384, 128, 128, 128, 256, 128)
(5, 'arrival', 19, 100, 200, 200, 300, 300, 100, 200, 200, 300, 384, 384, 384, 256, 384, 384, 384, 256, 128)
(10, 'arrival', 17, 300, 300, 300, 100, 200, 200, 200, 100, 100, 384, 256, 256, 384, 256, 256, 128, 128, 384)
(15, 'arrival', 20, 100, 100, 200, 200, 100, 100, 200, 100, 300, 256, 384, 384, 128, 384, 384, 256, 384, 384)
(20, 'arrival', 18, 200, 200, 100, 300, 200, 100, 300, 100, 300, 384, 128, 384, 128, 128, 384, 256, 128, 384)
(25, 'arrival', 21, 100, 100, 300, 200, 100, 100, 100, 100, 200, 384, 384, 256, 384, 384, 384, 256, 256, 384)
(30, 'arrival', 14, 100, 200, 100, 200, 300, 100, 300, 200, 200, 128, 128, 256, 256, 128, 256, 256, 256, 256)
(35, 'arrival', 12, 300, 100, 300, 300, 200, 200, 100, 300, 300, 384, 384, 256, 256, 384, 384, 384, 128, 256)
(40, 'arrival', 13, 200, 200, 300, 300, 100, 200, 300, 100, 200, 384, 128, 384, 128, 384, 128, 128, 128, 384)
(45, 'arrival', 16, 200, 300, 300, 100, 200, 100, 200, 300, 300, 128, 128, 256, 256, 128, 128, 128, 256, 128)
(50, 'arrival', 22, 200, 300, 300, 100, 200, 100, 100, 100, 300, 128, 384, 256, 128, 256, 128, 256, 384, 384)
(55, 'arrival', 15, 100, 300, 200, 200, 300, 300, 100, 300, 100, 256, 384, 384, 256, 384, 384, 384, 384, 128)
(60, 'departure', 20)
(65, 'departure', 12)
(70, 'departure', 23)
(75, 'departure', 17)
(80, 'departure', 15)
(85, 'departure', 22)
(90, 'departure', 16)
(95, 'departure', 18)
(100, 'departure', 14)
(105, 'departure', 13)
(110, 'departure', 19)
(115, 'departure', 21)
