24
(0, 'arrival', 111, 200, 100, 300, 100, 100, 100, 100, 200, 100, 256, 128, 384, 256, 384, 384, 256, 384, 384)
(5, 'departure', 111)
(10, 'arrival', 118, 300, 300, 100, 200, 200, 300, 300, 200, 200, 128, 384, 128, 256, 256, 384, 384, 128, 256)
(15, 'arrival', 115, 300, 200, 300, 100, 200, 200, 100, 300, 100, 384, 384, 128, 128, 384, 384, 256, 256, 128)
(20, 'arrival', 117, 100, 100, 200, 200, 300, 200, 100, 100, 100, 256, 384, 256, 128, 256, 384, 384, 128, 384)
(25, 'arrival', 110, 100, 200, 200, 300, 100, 200, 300, 300, 300, 384, 384, 256, 384, 256, 128, 384, 128, 256)
(30, 'arrival', 113, 300, 200, 300, 300, 300, 100, 100, 200, 200, 256, 384, 384, 384, 256, 256, 384, 384, 256)
(35, 'arrival', 119, 200, 200, 200, 200, 200, 100, 300, 100, 300, 256, 128, 128, 384, 128, 128, 128, 384, 256)
(40, 'arrival', 108, 100, 300, 200, 100, 300, 100, 100, 300, 100, 128, 128, 128, 384, 128, 384, 384, 128, 128)
(45, 'arrival', 112, 200, 300, 300, 300, 300, 200, 300, 200, 100, 128, 128, 128, 128, 128, 256, 256, 128, 128)
(50, 'arrival', 116, 100, 300, 300, 200, 300, 100, 300, 200, 100, 256, 128, 256, 256, 384, 128, 256, 256, 128)
(55, 'arrival', 114, 200, 300, 300, 300, 200, 200, 100, 100, 300, 128, 384, 384, 256, 384, 128, 256, 384, 128)
(60, 'arrival', 109, 200, 200, 100, 200, 200, 200, 300, 200, 100, 256, 256, 384, 128, 128, 384, 128, 128, 256)
(65, 'departure', 109)
(70, 'departure', 108)
(75, 'departure', 114)
(80, 'departure', 115)
(85, 'departure', 119)
(90, 'departure', 113)
(95, 'departure', 110)
(100, 'departure', 117)
(105, 'departure', 112)
(110, 'departure', 116)
(115, 'departure', 118)
