24
(0, 'arrival', 176, 300, 200, 100, 200, 100, 200, 200, 200, 300, 384, 384, 256, 384, 128, 384, 384, 128, 384)
(5, 'arrival', 173, 300, 300, 100, 200, 300, 300, 100, 100, 100, 384, 384, 256, 128, 256, 128, 384, 384, 384)
(10, 'arrival', 174, 300, 300, 200, 300, 100, 300, 300, 300, 100, 384, 384, 256, 256, 384, 256, 128, 128, 256)
(15, 'arrival', 179, 200, 100, 200, 300, 100, 200, 100, 100, 100, 384, 384, 128, 256, 256, 384, 256, 384, 256)
(20, 'arrival', 172, 200, 100, 200, 100, 300, 100, 100, 300, 300, 384, 256, 128, 128, 256, 384, 384, 128, 256)
(25, 'arrival', 169, 300, 100, 200, 200, 200, 100, 300, 200, 300, 384, 384, 384, 384, 256, 256, 256, 384, 128)
(30, 'arrival', 171, 300, 100, 300, 300, 200, 100, 200, 200, 100, 256, 128, 384, 256, 128, 384, 128, 256, 384)
(35, 'arrival', 170, 300, 200, 200, 200, 100, 100, 100, 100, 300, 256, 256, 256, 384, 128, 384, 384, 256, 384)
(40, 'arrival', 175, 100, 100, 300, 200, 100, 200, 200, 100, 100, 256, 256, 384, 384, 256, 256, 384, 256, 256)
(45, 'arrival', 177, 100, 100, 200, 300, 300, 300, 200, 300, 100, 128, 128, 256, 384, 128, 128, 384, 384, 384)
(50, 'arrival', 178, 100, 200, 100, 200, 100, 300, 100, 300, 300, 384, 128, 128, 128, 128, 384, 256, 384, 256)
(55, 'arrival', 168, 300, 200, 300, 200, 300, 300, 300, 100, 200, 384, 384, 256, 256, 256, 384, 384, 256, 128)
(60, 'departure', 172)
(65, 'departure', 170)
(70, 'departure', 169)
(75, 'departure', 178)
(80, 'departure', 171)
(85, 'departure', 174)
(90, 'departure', 177)
(95, 'departure', 179)
(100, 'departure', 176)
(105, 'departure', 175)
(110, 'departure', 173)
(115, 'departure', 168)
