24
(0, 'arrival', 438, 200, 300, 300, 200, 300, 200, 200, 200, 300, 128, 256, 256, 128, 256, 256, 384, 128, 384)
(5, 'arrival', 437, 100, 200, 100, 100, 100, 300, 100, 200, 100, 256, 384, 384, 256, 128, 384, 256, 256, 384)
(10, 'arrival', 435, 200, 200, 200, 100, 200, 200, 100, 200, 100, 256, 384, 128, 256, 384, 384, 384, 128, 128)
(15, 'arrival', 439, 100, 100, 300, 300, 100, 300, 100, 300, 200, 384, 128, 128, 384, 256, 256, 384, 256, 256)
(20, 'arrival', 433, 200, 100, 100, 100, 100, 100, 300, 100, 200, 256, 256, 256, 256, 384, 128, 256, 128, 128)
(25, 'arrival', 434, 100, 200, 100, 200, 200, 200, 100, 100, 300, 384, 384, 384, 128, 128, 384, 256, 384, 384)
(30, 'departure', 437)
(35, 'arrival', 432, 200, 200, 300, 300, 300, 200, 100, 300, 300, 128, 384, 256, 384, 256, 384, 128, 256, 384)
(40, 'arrival', 442, 200, 200, 200, 100, 300, 200, 300, 200, 300, 128, 128, 256, 256, 384, 384, 384, 256, 128)
(45, 'departure', 439)
(50, 'departure', 432)
(55, 'arrival', 440, 200, 300, 200, 100, 100, 300, 300, 100, 200, 128, 128, 256, 128, 256, 256, 128, 256, 384)
(60, 'arrival', 443, 300, 100, 200, 300, 100, 200, 300, 100, 300, 128, 384, 128, 128, 256, 256, 128, 256, 256)
(65, 'arrival', 436, 100, 300, 100, 300, 200, 200, 300, 100, 200, 128, 256, 384, 128, 384, 256, 256, 384, 256)
(70, 'arrival', 441, 100, 100, 100, 200, 300, 300, 200, 200, 100, 256, 256, 384, 128, 256, 384, 256, 256, 128)
(75, 'departure', 443)
(80, 'departure', 434)
(85, 'departure', 435)
(90, 'departure', 441)
(95, 'departure', 436)
(100, 'departure', 438)
(105, 'departure', 433)
(110, 'departure', 442)
(115, 'departure', 440)
