24
(0, 'arrival', 519, 300, 300, 200, 100, 300, 200, 100, 300, 300, 128, 128, 128, 256, 128, 256, 384, 128, 384)
(5, 'arrival', 526, 100, 300, 200, 100, 200, 300, 300, 300, 100, 128, 256, 256, 384, 128, 128, 128, 384, 256)
(10, 'arrival', 523, 100, 200, 200, 100, 100, 200, 200, 100, 100, 384, 384, 256, 128, 384, 128, 384, 128, 128)
(15, 'arrival', 525, 100, 200, 100, 300, 200, 100, 300, 200, 200, 128, 128, 384, 128, 256, 384, 256, 128, 128)
(20, 'arrival', 518, 100, 300, 200, 100, 200, 300, 300, 200, 100, 128, 384, 256, 256, 128, 384, 384, 384, 256)
(25, 'arrival', 516, 200, 300, 300, 300, 100, 300, 100, 200, 200, 384, 256, 128, 256, 384, 256, 384, 384, 384)
(30, 'arrival', 520, 200, 200, 100, 200, 100, 100, 200, 100, 200, 128, 384, 128, 384, 128, 384, 384, 128, 256)
(35, 'departure', 516)
(40, 'arrival', 517, 300, 300, 300, 200, 200, 200, 200, 200, 300, 384, 256, 256, 384, 384, 256, 128, 128, 256)
(45, 'arrival', 521, 200, 300, 100, 100, 100, 200, 300, 300, 100, 128, 384, 384, 128, 256, 256, 128, 128, 384)
(50, 'arrival', 522, 100, 300, 200, 100, 200, 100, 300, 100, 200, 256, 384, 128, 256, 384, 128, 256, 384, 384)
(55, 'arrival', 527, 200, 200, 200, 200, 300, 100, 100, 100, 300, 384, 128, 256, 256, 256, 384, 384, 384, 128)
(60, 'arrival', 524, 200, 100, 300, 300, 200, 100, 300, 200, 100, 128, 384, 256, 128, 256, 256, 256, 384, 384)
(65, 'departure', 524)
(70, 'departure', 525)
(75, 'departure', 527)
(80, 'departure', 526)
(85, 'departure', 523)
(90, 'departure', 519)
(95, 'departure', 521)
(100, 'departure', 520)
(105, 'departure', 518)
(110, 'departure', 522)
(115, 'departure', 517)
