24
(0, 'arrival', 345, 300, 300, 300, 100, 200, 200, 200, 300, 300, 128, 384, 128, 256, 128, 256, 256, 128, 128)
(5, 'arrival', 346, 300, 100, 100, 100, 100, 100, 200, 100, 100, 384, 128, 128, 128, 384, 128, 384, 256, 256)
(10, 'arrival', 337, 300, 200, 100, 100, 200, 200, 100, 100, 300, 384, 384, 384, 128, 128, 256, 384, 128, 128)
(15, 'arrival', 342, 100, 300, 100, 200, 300, 200, 300, 200, 300, 384, 256, 384, 384, 128, 384, 128, 128, 128)
(20, 'arrival', 344, 100, 300, 300, 300, 200, 100, 300, 300, 300, 128, 384, 128, 128, 256, 256, 384, 128, 256)
(25, 'arrival', 341, 200, 300, 100, 200, 100, 100, 200, 200, 200, 384, 384, 384, 256, 384, 256, 256, 384, 128)
(30, 'arrival', 338, 300, 200, 100, 200, 300, 200, 200, 100, 300, 384, 128, 128, 384, 256, 384, 128, 128, 128)
(35, 'arrival', 336, 200, 200, 100, 300, 300, 100, 300, 100, 200, 256, 128, 128, 128, 256, 384, 256, 384, 256)
(40, 'arrival', 343, 300, 300, 200, 300, 200, 300, 200, 300, 100, 384, 128, 256, 384, 256, 128, 128, 128, 384)
(45, 'arrival', 340, 200, 300, 100, 100, 300, 300, 300, 300, 300, 128, 128, 256, 384, 128, 256, 384, 384, 128)
(50, 'arrival', 339, 100, 100, 200, 300, 300, 200, 300, 100, 100, 128, 128, 384, 128, 384, 128, 384, 384, 128)
(55, 'arrival', 347, 100, 300, 200, 200, 300, 100, 300, 300, 100, 128, 128, 256, 256, 384, 128, 128, 256, 128)
(60, 'departure', 341)
(65, 'departure', 347)
(70, 'departure', 343)
(75, 'departure', 346)
(80, 'departure', 340)
(85, 'departure', 339)
(90, 'departure', 344)
(95, 'departure', 345)
(100, 'departure', 337)
(105, 'departure', 336)
(110, 'departure', 342)
(115, 'departure', 338)
