24
(0, 'arrival', 298, 100, 100, 100, 200, 300, 300, 300, 200, 200, 256, 128, 256, 256, 256, 384, 128, 384, 128)
(5, 'arrival', 288, 100, 100, 300, 200, 200, 200, 200, 100, 100, 256, 256, 384, 384, 128, 256, 256, 256, 128)
(10, 'arrival', 296, 100, 300, 200, 200, 300, 300, 100, 200, 300, 128, 128, 256, 384, 128, 256, 256, 128, 384)
(15, 'arrival', 289, 300, 300, 300, 100, 100, 300, 300, 300, 300, 256, 384, 384, 256, 128, 128, 256, 128, 384)
(20, 'arrival', 297, 100, 200, 300, 200, 200, 300, 100, 200, 300, 384, 128, 128, 128, 384, 256, 384, 128, 128)
(25, 'arrival', 291, 300, 100, 300, 200, 300, 300, 300, 100, 100, 384, 256, 128, 256, 384, 128, 384, 256, 128)
(30, 'arrival', 295, 300, 200, 100, 200, 100, 200, 100, 300, 100, 128, 384, 256, 256, 384, 256, 128, 384, 256)
(35, 'arrival', 292, 200, 300, 200, 100, 200, 200, 200, 100, 200, 128, 128, 384, 384, 256, 256, 384, 256, 128)
(40, 'arrival', 293, 300, 300, 100, 200, 300, 200, 200, 200, 300, 128, 384, 256, 384, 384, 256, 384, 128, 256)
(45, 'arrival', 290, 100, 300, 200, 200, 200, 200, 100, 200, 100, 384, 384, 128, 256, 128, 128, 256, 256, 256)
(50, 'departure', 291)
(55, 'arrival', 299, 200, 200, 300, 100, 200, 100, 200, 100, 200, 384, 128, 256, 384, 384, 384, 128, 256, 384)
(60, 'arrival', 294, 100, 200, 200, 200, 200, 100, 300, 300, 300, 256, 384, 384, 256, 128, 256, 384, 128, 384)
(65, 'departure', 294)
(70, 'departure', 293)
(75, 'departure', 299)
(80, 'departure', 298)
(85, 'departure', 297)
(90, 'departure', 295)
(95, 'departure', 292)
(100, 'departure', 290)
(105, 'departure', 288)
(110, 'departure', 296)
(115, 'departure', 289)
