24
(0, 'arrival', 266, 300, 100, 200, 300, 200, 100, 300, 200, 300, 256, 128, 256, 256, 128, 128, 128, 128, 256)
(5, 'arrival', 269, 200, 300, 100, 200, 200, 100, 200, 300, 200, 128, 256, 256, 128, 384, 128, 384, 384, 256)
(10, 'arrival', 271, 100, 100, 100, 300, 300, 200, 300, 100, 300, 256, 384, 128, 384, 256, 384, 128, 384, 384)
(15, 'arrival', 274, 300, 300, 200, 200, 100, 100, 300, 100, 200, 384, 128, 256, 384, 384, 256, 128, 384, 128)
(20, 'departure', 266)
(25, 'arrival', 267, 100, 200, 300, 300, 200, 200, 300, 300, 300, 384, 256, 128, 256, 384, 384, 256, 128, 256)
(30, 'arrival', 275, 200, 300, 100, 300, 300, 100, 100, 300, 200, 384, 256, 256, 128, 384, 256, 256, 384, 128)
(35, 'arrival', 264, 300, 100, 300, 100, 100, 200, 300, 100, 300, 384, 256, 128, 128, 384, 128, 128, 128, 384)
(40, 'arrival', 268, 200, 200, 300, 300, 300, 100, 200, 100, 200, 128, 256, 384, 256, 128, 256, 256, 256, 256)
(45, 'departure', 269)
(50, 'arrival', 273, 300, 100, 200, 100, 200, 300, 200, 200, 100, 256, 256, 384, 128, 384, 128, 128, 256, 256)
(55, 'arrival', 265, 300, 300, 300, 100, 300, 200, 100, 100, 300, 256, 128, 256, 128, 128, 384, 384, 128, 128)
(60, 'arrival', 270, 100, 300, 100, 300, 300, 200, 300, 100, 300, 384, 384, 128, 256, 256, 384, 128, 384, 128)
(65, 'arrival', 272, 300, 200, 100, 100, 300, 200, 200, 300, 200, 384, 128, 128, 128, 256, 384, 384, 256, 384)
(70, 'departure', 265)
(75, 'departure', 270)
(80, 'departure', 267)
(85, 'departure', 275)
(90, 'departure', 264)
(95, 'departure', 273)
(100, 'departure', 268)
(105, 'departure', 271)
(110, 'departure', 272)
(115, 'departure', 274)
