24
(0, 'arrival', 186, 100, 100, 300, 300, 200, 100, 300, 200, 100, 384, 384, 128, 384, 256, 256, 384, 256, 384)
(5, 'arrival', 180, 300, 300, 200, 200, 100, 100, 100, 200, 200, 128, 384, 256, 384, 384, 384, 256, 128, 256)
(10, 'arrival', 191, 100, 200, 300, 200, 200, 100, 300, 200, 200, 128, 256, 128, 384, 256, 384, 256, 128, 128)
(15, 'arrival', 184, 100, 100, 100, 200, 100, 300, 300, 100, 100, 256, 384, 128, 128, 128, 256, 256, 384, 384)
(20, 'arrival', 188, 200, 200, 300, 300, 100, 300, 100, 200, 200, 256, 384, 384, 256, 128, 384, 256, 128, 256)
(25, 'arrival', 187, 100, 200, 300, 200, 200, 200, 200, 200, 300, 384, 384, 384, 384, 128, 256, 384, 128, 128)
(30, 'arrival', 183, 200, 100, 300, 100, 200, 200, 300, 100, 300, 256, 128, 384, 256, 384, 384, 256, 384, 384)
(35, 'arrival', 181, 100, 100, 200, 300, 300, 200, 200, 200, 200, 128, 128, 384, 384, 128, 256, 256, 256, 384)
(40, 'arrival', 190, 100, 100, 300, 300, 300, 300, 100, 100, 300, 384, 128, 256, 256, 128, 384, 128, 128, 384)
(45, 'arrival', 189, 300, 100, 300, 200, 300, 200, 100, 300, 300, 384, 256, 256, 256, 384, 384, 256, 256, 256)
(50, 'arrival', 182, 300, 200, 100, 200, 200, 300, 200, 100, 100, 256, 256, 256, 256, 256, 384, 128, 128, 128)
(55, 'arrival', 185, 100, 300, 100, 200, 300, 100, 100, 200, 100, 256, 128, 256, 128, 256, 128, 128, 128, 256)
(60, 'departure', 185)
(65, 'departure', 188)
(70, 'departure', 187)
(75, 'departure', 181)
(80, 'departure', 180)
(85, 'departure', 184)
(90, 'departure', 191)
(95, 'departure', 183)
(100, 'departure', 189)
(105, 'departure', 186)
(110, 'departure', 182)
(115, 'departure', 190)
