24
(0, 'arrival', 394, 100, 100, 300, 200, 200, 100, 100, 200, 300, 256, 128, 384, 384, 256, 128, 128, 128, 256)
(5, 'arrival', 386, 300, 300, 300, 100, 300, 100, 100, 200, 200, 384, 256, 256, 128, 128, 128, 384, 256, 256)
(10, 'arrival', 389, 300, 200, 300, 200, 100, 100, 100, 300, 300, 256, 384, 384, 384, 384, 384, 384, 384, 128)
(15, 'arrival', 392, 300, 200, 100, 100, 100, 200, 200, 300, 200, 256, 256, 256, 128, 128, 128, 256, 384, 128)
(20, 'arrival', 391, 200, 200, 300, 100, 300, 100, 200, 100, 300, 384, 384, 384, 256, 256, 384, 128, 384, 384)
(25, 'arrival', 395, 100, 300, 100, 200, 300, 100, 200, 100, 200, 256, 256, 128, 256, 384, 128, 384, 128, 256)
(30, 'arrival', 385, 100, 100, 300, 100, 200, 100, 300, 300, 100, 128, 128, 384, 384, 256, 384, 384, 128, 256)
(35, 'arrival', 393, 300, 200, 100, 300, 300, 300, 300, 300, 100, 384, 256, 128, 384, 256, 384, 384, 128, 384)
(40, 'arrival', 384, 200, 200, 100, 100, 200, 100, 100, 100, 300, 256, 256, 384, 128, 256, 128, 128, 384, 256)
(45, 'departure', 395)
(50, 'arrival', 388, 300, 300, 300, 300, 300, 200, 300, 100, 100, 128, 256, 128, 256, 256, 128, 384, 384, 384)
(55, 'arrival', 387, 300, 300, 300, 300, 200, 300, 300, 100, 300, 256, 128, 256, 128, 128, 256, 384, 128, 256)
(60, 'arrival', 390, 100, 200, 300, 200, 100, 200, 200, 200, 300, 128, 256, 256, 128, 384, 256, 256, 256, 384)
(65, 'departure', 389)
(70, 'departure', 394)
(75, 'departure', 384)
(80, 'departure', 393)
(85, 'departure', 385)
(90, 'departure', 392)
(95, 'departure', 391)
(100, 'departure', 387)
(105, 'departure', 388)
(110, 'departure', 386)
(115, 'departure', 390)
