24
(0, 'arrival', 240, 200, 100, 300, 100, 100, 100, 100, 100, 300, 128, 128, 128, 384, 256, 384, 384, 384, 256)
(5, 'arrival', 248, 100, 300, 200, 200, 200, 200, 200, 300, 100, 256, 256, 256, 384, 128, 384, 128, 128, 256)
(10, 'arrival', 251, 100, 300, 100, 200, 200, 100, 300, 300, 300, 256, 384, 384, 128, 256, 128, 384, 256, 128)
(15, 'arrival', 247, 100, 300, 300, 200, 300, 100, 300, 100, 300, 128, 128, 384, 128, 384, 256, 128, 384, 128)
(20, 'arrival', 246, 200, 300, 300, 100, 100, 300, 200, 300, 200, 128, 384, 128, 256, 256, 256, 128, 128, 256)
(25, 'arrival', 243, 300, 200, 200, 100, 100, 300, 300, 200, 200, 256, 384, 256, 256, 256, 256, 384, 256, 256)
(30, 'arrival', 245, 100, 100, 100, 200, 100, 300, 200, 100, 300, 384, 128, 384, 256, 256, 128, 128, 256, 384)
(35, 'arrival', 244, 200, 200, 300, 100, 300, 200, 300, 300, 100, 128, 128, 256, 128, 128, 256, 256, 128, 384)
(40, 'arrival', 249, 300, 300, 100, 300, 300, 200, 200, 300, 300, 384, 128, 256, 256, 256, 128, 384, 256, 128)
(45, 'arrival', 250, 300, 200, 300, 200, 300, 300, 200, 200, 200, 384, 384, 256, 128, 384, 384, 256, 256, 256)
(50, 'arrival', 242, 300, 200, 200, 300, 200, 100, 100, 300, 100, 128, 384, 384, 128, 256, 128, 128, 384, 128)
(55, 'arrival', 241, 200, 300, 100, 100, 300, 200, 100, 300, 300, 128, 256, 384, 128, 128, 256, 384, 384, 256)
(60, 'departure', 240)
(65, 'departure', 249)
(70, 'departure', 248)
(75, 'departure', 250)
(80, 'departure', 242)
(85, 'departure', 241)
(90, 'departure', 247)
(95, 'departure', 243)
(100, 'departure', 246)
(105, 'departure', 245)
(110, 'departure', 251)
(115, 'departure', 244)
