24
(0, 'arrival', 75, 200, 200, 100, 100, 300, 100, 100, 300, 300, 256, 256, 384, 256, 384, 384, 256, 256, 128)
(5, 'arrival', 77, 200, 300, 200, 200, 300, 200, 100, 200, 300, 256, 384, 256, 256, 256, 128, 256, 256, 256)
(10, 'arrival', 80, 200, 100, 200, 300, 300, 200, 300, 100, 300, 128, 256, 256, 128, 384, 128, 256, 256, 384)
(15, 'arrival', 72, 200, 200, 200, 300, 300, 300, 100, 300, 100, 256, 256, 384, 384, 128, 128, 256, 256, 384)
(20, 'arrival', 74, 300, 100, 100, 100, 300, 200, 200, 300, 200, 128, 128, 256, 256, 256, 384, 256, 128, 256)
(25, 'departure', 75)
(30, 'arrival', 83, 100, 300, 200, 200, 300, 200, 200, 300, 300, 384, 128, 384, 256, 128, 384, 384, 128, 128)
(35, 'arrival', 79, 100, 200, 300, 100, 200, 300, 200, 300, 100, 256, 384, 384, 128, 256, 128, 384, 256, 384)
(40, 'arrival', 73, 200, 200, 300, 200, 100, 200, 300, 100, 100, 384, 256, 128, 128, 256, 384, 384, 256, 384)
(45, 'arrival', 81, 100, 200, 300, 200, 100, 300, 200, 300, 200, 256, 128, 256, 384, 384, 384, 384, 256, 128)
(50, 'arrival', 78, 200, 300, 200, 200, 200, 300, 100, 100, 300, 384, 128, 384, 128, 256, 256, 256, 384, 256)
(55, 'arrival', 82, 100, 200, 100, 300, 200, 200, 200, 100, 300, 384, 128, 128, 256, 256, 384, 256, 256, 128)
(60, 'arrival', 76, 200, 300, 200, 200, 200, 300, 300, 300, 300, 128, 384, 128, 256, 256, 128, 256, 128, 384)
(65, 'departure', 80)
(70, 'departure', 78)
(75, 'departure', 77)
(80, 'departure', 81)
(85, 'departure', 74)
(90, 'departure', 73)
(95, 'departure', 79)
(100, 'departure', 82)
(105, 'departure', 76)
(110, 'departure', 83)
(115, 'departure', 72)
