24
(0, 'arrival', 539, 300, 100, 300, 100, 100, 300, 100, 200, 300, 256, 256, 128, 256, 256, 256, 256, 384, 384)
(5, 'departure', 539)
(10, 'arrival', 529, 100, 200, 300, 100, 100, 200, 300, 300, 100, 384, 384, 256, 384, 384, 256, 256, 256, 256)
(15, 'arrival', 532, 300, 200, 300, 100, 100, 300, 200, 100, 200, 256, 256, 384, 256, 256, 256, 256, 256, 384)
(20, 'arrival', 538, 300, 200, 100, 200, 100, 100, 200, 200, 100, 128, 256, 256, 384, 256, 128, 384, 128, 128)
(25, 'arrival', 531, 300, 200, 100, 100, 100, 300, 100, 200, 300, 384, 384, 128, 256, 128, 256, 256, 128, 384)
(30, 'arrival', 533, 300, 300, 100, 300, 100, 300, 200, 100, 300, 384, 256, 384, 384, 384, 256, 256, 128, 384)
(35, 'arrival', 537, 200, 200, 200, 100, 100, 100, 200, 100, 200, 384, 128, 128, 384, 128, 256, 256, 384, 128)
(40, 'arrival', 528, 100, 200, 300, 100, 200, 100, 100, 300, 300, 256, 256, 128, 384, 256, 256, 384, 384, 384)
(45, 'departure', 537)
(50, 'arrival', 534, 200, 300, 300, 300, 100, 300, 200, 100, 200, 384, 256, 256, 128, 128, 256, 128, 256, 256)
(55, 'arrival', 530, 100, 200, 100, 200, 300, 200, 100, 300, 300, 256, 384, 256, 384, 128, 128, 384, 384, 384)
(60, 'arrival', 536, 100, 100, 100, 200, 200, 200, 100, 300, 100, 256, 256, 384, 128, 256, 128, 384, 128, 384)
(65, 'arrival', 535, 200, 300, 100, 200, 100, 200, 300, 200, 100, 384, 384, 256, 256, 128, 256, 256, 384, 384)
(70, 'departure', 531)
(75, 'departure', 535)
(80, 'departure', 532)
(85, 'departure', 528)
(90, 'departure', 538)
(95, 'departure', 529)
(100, 'departure', 536)
(105, 'departure', 534)
(110, 'departure', 533)
(115, 'departure', 530)
