24
(0, 'arrival', 510, 300, 300, 100, 200, 200, 300, 200, 100, 300, 128, 384, 128, 384, 384, 128, 128, 256, 128)
(5, 'departure', 510)
(10, 'arrival', 509, 100, 100, 200, 200, 200, 300, 200, 100, 300, 128, 256, 384, 128, 384, 128, 128, 256, 128)
(15, 'arrival', 504, 100, 200, 200, 100, 100, 300, 300, 100, 100, 128, 256, 384, 256, 384, 128, 128, 384, 128)
(20, 'arrival', 507, 300, 200, 100, 200, 100, 100, 300, 200, 300, 256, 384, 128, 256, 256, 384, 128, 384, 384)
(25, 'arrival', 515, 300, 200, 200, 300, 100, 100, 100, 200, 300, 128, 128, 384, 384, 384, 256, 128, 256, 256)
(30, 'arrival', 511, 100, 100, 200, 300, 300, 300, 100, 200, 100, 384, 384, 128, 384, 128, 256, 128, 128, 384)
(35, 'departure', 515)
(40, 'arrival', 513, 300, 300, 300, 100, 200, 100, 100, 200, 200, 384, 384, 256, 256, 128, 256, 256, 256, 256)
(45, 'arrival', 514, 300, 300, 100, 100, 300, 100, 300, 200, 200, 256, 128, 384, 128, 256, 256, 384, 256, 128)
(50, 'arrival', 512, 200, 100, 100, 200, 100, 100, 300, 300, 200, 128, 384, 128, 128, 384, 128, 128, 128, 384)
(55, 'arrival', 506, 200, 300, 300, 200, 200, 200, 200, 100, 300, 384, 384, 384, 128, 128, 128, 256, 128, 384)
(60, 'arrival', 505, 200, 300, 100, 200, 300, 100, 200, 300, 200, 128, 256, 384, 128, 384, 128, 256, 128, 384)
(65, 'arrival', 508, 200, 200, 100, 100, 100, 100, 200, 300, 300, 256, 256, 384, 128, 128, 384, 128, 384, 384)
(70, 'departure', 504)
(75, 'departure', 511)
(80, 'departure', 506)
(85, 'departure', 512)
(90, 'departure', 508)
(95, 'departure', 505)
(100, 'departure', 507)
(105, 'departure', 513)
(110, 'departure', 514)
(115, 'departure', 509)
