24
(0, 'arrival', 361, 200, 200, 100, 100, 100, 200, 300, 200, 300, 256, 384, 128, 384, 128, 128, 256, 384, 384)
(5, 'departure', 361)
(10, 'arrival', 363, 200, 200, 200, 100, 300, 300, 300, 200, 300, 128, 256, 384, 128, 128, 128, 256, 384, 384)
(15, 'arrival', 364, 200, 200, 300, 100, 300, 100, 300, 100, 100, 128, 256, 384, 384, 256, 384, 384, 384, 384)
(20, 'arrival', 370, 100, 100, 200, 100, 300, 300, 100, 200, 300, 128, 128, 384, 128, 256, 384, 384, 384, 256)
(25, 'arrival', 371, 200, 100, 300, 200, 100, 100, 100, 200, 200, 256, 128, 256, 128, 256, 256, 256, 256, 128)
(30, 'arrival', 367, 100, 100, 100, 100, 300, 300, 100, 300, 300, 384, 256, 128, 384, 384, 384, 128, 384, 128)
(35, 'arrival', 365, 300, 200, 200, 100, 300, 300, 300, 200, 200, 384, 384, 384, 256, 384, 256, 256, 128, 128)
(40, 'arrival', 369, 200, 100, 300, 100, 200, 200, 200, 200, 200, 256, 384, 384, 256, 256, 384, 384, 256, 128)
(45, 'arrival', 362, 200, 300, 300, 300, 200, 200, 300, 300, 300, 128, 128, 128, 128, 128, 384, 384, 128, 128)
(50, 'arrival', 360, 300, 100, 300, 100, 300, 200, 300, 200, 200, 256, 256, 128, 256, 384, 384, 256, 384, 128)
(55, 'arrival', 368, 100, 200, 100, 100, 200, 100, 200, 300, 100, 128, 384, 256, 256, 384, 256, 128, 128, 256)
(60, 'arrival', 366, 200, 200, 300, 100, 300, 300, 100, 100, 100, 384, 384, 128, 384, 256, 384, 128, 128, 128)
(65, 'departure', 365)
(70, 'departure', 368)
(75, 'departure', 367)
(80, 'departure', 369)
(85, 'departure', 366)
(90, 'departure', 371)
(95, 'departure', 364)
(100, 'departure', 370)
(105, 'departure', 363)
(110, 'departure', 360)
(115, 'departure', 362)
