24
(0, 'arrival', 407, 300, 200, 200, 200, 200, 100, 300, 100, 100, 128, 256, 256, 128, 256, 384, 128, 256, 256)
(5, 'arrival', 399, 200, 300, 100, 300, 300, 200, 200, 300, 100, 256, 256, 128, 128, 384, 256, 384, 128, 384)
(10, 'arrival', 401, 200, 200, 100, 100, 300, 200, 200, 300, 300, 256, 384, 256, 256, 128, 128, 384, 128, 384)
(15, 'arrival', 396, 300, 200, 300, 100, 200, 200, 200, 300, 200, 128, 256, 384, 256, 128, 384, 128, 256, 256)
(20, 'arrival', 404, 100, 300, 300, 100, 200, 200, 100, 100, 300, 128, 384, 128, 384, 384, 384, 128, 256, 384)
(25, 'departure', 407)
(30, 'arrival', 400, 100, 300, 200, 200, 200, 200, 200, 300, 100, 384, 128, 128, 128, 128, 128, 384, 256, 128)
(35, 'arrival', 406, 200, 100, 300, 300, 300, 100, 200, 200, 200, 128, 256, 128, 128, 256, 256, 384, 256, 128)
(40, 'arrival', 398, 300, 200, 300, 200, 200, 300, 300, 300, 200, 128, 384, 128, 256, 384, 256, 384, 256, 256)
(45, 'departure', 400)
(50, 'arrival', 405, 300, 200, 200, 300, 300, 100, 200, 200, 200, 128, 256, 256, 384, 384, 128, 384, 384, 256)
(55, 'arrival', 397, 100, 200, 200, 200, 300, 100, 200, 200, 300, 384, 256, 128, 384, 384, 384, 128, 384, 128)
(60, 'arrival', 403, 100, 200, 300, 200, 200, 100, 300, 200, 100, 128, 128, 384, 384, 384, 256, 128, 256, 128)
(65, 'arrival', 402, 300, 100, 100, 100, 300, 300, 100, 100, 300, 128, 256, 384, 256, 256, 128, 128, 384, 128)
(70, 'departure', 401)
(75, 'departure', 403)
(80, 'departure', 402)
(85, 'departure', 399)
(90, 'departure', 405)
(95, 'departure', 406)
(100, 'departure', 397)
(105, 'departure', 396)
(110, 'departure', 398)
(115, 'departure', 404)
