24
(0, 'arrival', 193, 100, 200, 200, 100, 100, 100, 300, 200, 100, 256, 256, 256, 384, 256, 384, 384, 128, 128)
(5, 'arrival', 201, 200, 100, 100, 200, 300, 100, 300, 300, 200, 128, 128, 384, 256, 384, 128, 256, 256, 256)
(10, 'arrival', 196, 200, 100, 200, 100, 300, 200, 200, 100, 100, 256, 384, 128, 256, 256, 384, 384, 384, 256)
(15, 'arrival', 192, 300, 100, 300, 300, 100, 100, 300, 300, 300, 128, 384, 128, 256, 256, 256, 384, 256, 128)
(20, 'arrival', 203, 300, 100, 100, 300, 300, 200, 200, 100, 200, 256, 384, 256, 384, 256, 384, 256, 384, 128)
(25, 'arrival', 202, 200, 200, 200, 100, 300, 200, 100, 200, 300, 384, 256, 384, 256, 256, 256, 128, 256, 128)
(30, 'arrival', 200, 200, 300, 300, 200, 100, 300, 200, 200, 100, 128, 384, 128, 128, 128, 128, 256, 384, 256)
(35, 'arrival', 197, 300, 100, 300, 300, 100, 200, 300, 300, 200, 384, 384, 384, 384, 256, 128, 128, 128, 256)
(40, 'departure', 201)
(45, 'arrival', 195, 300, 300, 300, 200, 300, 200, 200, 100, 200, 128, 256, 256, 384, 384, 128, 384, 256, 256)
(50, 'arrival', 198, 100, 300, 100, 100, 300, 200, 300, 200, 200, 128, 256, 256, 384, 128, 384, 128, 384, 128)
(55, 'arrival', 199, 300, 200, 200, 300, 300, 200, 300, 100, 200, 256, 256, 384, 256, 384, 128, 384, 128, 128)
(60, 'arrival', 194, 100, 200, 200, 200, 200, 100, 300, 200, 100, 128, 384, 384, 128, 256, 128, 384, 384, 384)
(65, 'departure', 194)
(70, 'departure', 199)
(75, 'departure', 195)
(80, 'departure', 198)
(85, 'departure', 200)
(90, 'departure', 197)
(95, 'departure', 203)
(100, 'departure', 192)
(105, 'departure', 196)
(110, 'departure', 202)
(115, 'departure', 193)
