24
(0, 'arrival', 279, 300, 100, 300, 200, 300, 100, 100, 100, 300, 256, 384, 256, 384, 384, 384, 128, 256, 256)
(5, 'arrival', 276, 100, 200, 300, 200, 100, 100, 100, 300, 300, 256, 384, 128, 128, 256, 384, 128, 256, 384)
(10, 'arrival', 283, 300, 100, 100, 200, 300, 100, 200, 100, 200, 256, 128, 256, 256, 128, 128, 384, 128, 128)
(15, 'arrival', 278, 200, 100, 100, 200, 200, 200, 100, 100, 300, 384, 256, 384, 128, 384, 384, 256, 256, 256)
(20, 'arrival', 280, 300, 300, 300, 300, 200, 300, 300, 200, 100, 384, 128, 256, 256, 384, 128, 256, 384, 384)
(25, 'arrival', 281, 100, 300, 100, 300, 100, 300, 100, 300, 300, 256, 256, 384, 256, 384, 128, 128, 384, 256)
(30, 'arrival', 282, 100, 200, 100, 300, 200, 100, 200, 100, 200, 384, 256, 128, 256, 384, 384, 256, 256, 384)
(35, 'arrival', 284, 200, 200, 300, 100, 300, 100, 300, 100, 200, 384, 128, 384, 384, 256, 256, 384, 384, 256)
(40, 'arrival', 287, 200, 100, 200, 200, 100, 200, 300, 200, 100, 384, 384, 128, 256, 256, 384, 384, 128, 256)
(45, 'arrival', 286, 100, 300, 100, 200, 200, 200, 300, 200, 200, 128, 128, 128, 128, 256, 384, 384, 256, 384)
(50, 'arrival', 285, 300, 200, 300, 200, 200, 300, 100, 200, 100, 128, 384, 256, 384, 256, 256, 128, 384, 256)
(55, 'arrival', 277, 100, 100, 100, 100, 200, 200, 300, 300, 100, 384, 256, 256, 384, 128, 128, 384, 256, 384)
(60, 'departure', 283)
(65, 'departure', 281)
(70, 'departure', 282)
(75, 'departure', 278)
(80, 'departure', 287)
(85, 'departure', 279)
(90, 'departure', 276)
(95, 'departure', 284)
(100, 'departure', 280)
(105, 'departure', 285)
(110, 'departure', 286)
(115, 'departure', 277)
