24
(0, 'arrival', 574, 200, 300, 300, 200, 100, 100, 100, 100, 300, 384, 256, 384, 256, 256, 384, 128, 256, 128)
(5, 'arrival', 570, 200, 200, 100, 200, 200, 100, 300, 300, 300, 128, 256, 256, 128, 256, 256, 384, 128, 384)
(10, 'arrival', 565, 100, 300, 200, 200, 300, 300, 200, 300, 200, 128, 384, 128, 256, 256, 384, 256, 256, 128)
(15, 'arrival', 573, 200, 300, 200, 100, 100, 200, 200, 200, 300, 256, 128, 384, 128, 256, 128, 128, 128, 384)
(20, 'arrival', 564, 300, 300, 300, 300, 100, 300, 100, 200, 300, 128, 128, 256, 128, 128, 384, 128, 384, 256)
(25, 'arrival', 575, 300, 300, 300, 200, 300, 300, 300, 300, 200, 128, 128, 256, 256, 128, 384, 384, 128, 128)
(30, 'arrival', 571, 200, 200, 100, 100, 100, 100, 300, 300, 300, 256, 128, 128, 256, 128, 128, 128, 256, 384)
(35, 'arrival', 568, 300, 300, 100, 100, 300, 300, 200, 200, 200, 128, 384, 128, 384, 128, 384, 384, 128, 256)
(40, 'arrival', 572, 300, 300, 300, 200, 300, 200, 200, 200, 100, 256, 256, 384, 384, 384, 128, 384, 384, 128)
(45, 'arrival', 567, 200, 100, 200, 300, 100, 200, 200, 100, 300, 384, 256, 384, 384, 384, 256, 128, 128, 384)
(50, 'arrival', 566, 100, 200, 200, 300, 200, 100, 300, 300, 100, 256, 256, 256, 256, 128, 128, 256, 384, 384)
(55, 'departure', 565)
(60, 'arrival', 569, 200, 300, 300, 300, 100, 200, 200, 200, 300, 256, 256, 384, 128, 384, 128, 384, 128, 384)
(65, 'departure', 568)
(70, 'departure', 574)
(75, 'departure', 567)
(80, 'departure', 570)
(85, 'departure', 564)
(90, 'departure', 572)
(95, 'departure', 575)
(100, 'departure', 573)
(105, 'departure', 566)
(110, 'departure', 571)
(115, 'departure', 569)
