24
(0, 'arrival', 500, 300, 200, 300, 100, 300, 100, 200, 300, 100, 384, 128, 128, 128, 128, 256, 256, 128, 384)
(5, 'arrival', 492, 200, 300, 300, 300, 100, 300, 100, 100, 300, 384, 128, 384, 384, 128, 128, 128, 384, 256)
(10, 'arrival', 502, 300, 100, 200, 300, 300, 300, 100, 200, 300, 128, 128, 128, 384, 128, 384, 128, 128, 384)
(15, 'arrival', 496, 300, 300, 100, 100, 200, 300, 300, 300, 200, 384, 384, 256, 256, 384, 384, 256, 384, 128)
(20, 'arrival', 501, 200, 100, 100, 300, 300, 100, 200, 300, 300, 128, 128, 128, 256, 256, 128, 384, 256, 256)
(25, 'arrival', 495, 200, 300, 200, 100, 300, 100, 300, 300, 200, 128, 256, 128, 384, 256, 256, 384, 128, 128)
(30, 'arrival', 498, 300, 100, 300, 100, 300, 100, 100, 200, 200, 256, 128, 128, 128, 384, 256, 128, 256, 256)
(35, 'departure', 498)
(40, 'arrival', 503, 300, 100, 100, 300, 100, 100, 200, 200, 200, 384, 384, 384, 256, 384, 256, 384, 128, 128)
(45, 'departure', 495)
(50, 'arrival', 494, 300, 100, 300, 200, 300, 100, 100, 200, 300, 384, 256, 256, 128, 256, 256, 256, 256, 256)
(55, 'arrival', 499, 100, 200, 200, 100, 200, 200, 300, 200, 300, 256, 256, 128, 384, 128, 256, 256, 256, 128)
(60, 'arrival', 493, 200, 100, 200, 100, 300, 200, 200, 100, 200, 128, 384, 256, 256, 128, 256, 128, 384, 384)
(65, 'arrival', 497, 200, 100, 100, 100, 300, 100, 200, 100, 200, 128, 384, 128, 128, 256, 256, 256, 128, 128)
(70, 'departure', 500)
(75, 'departure', 501)
(80, 'departure', 492)
(85, 'departure', 503)
(90, 'departure', 493)
(95, 'departure', 494)
(100, 'departure', 502)
(105, 'departure', 496)
(110, 'departure', 499)
(115, 'departure', 497)
