24
(0, 'arrival', 94, 300, 300, 200, 200, 100, 200, 300, 200, 300, 384, 256, 256, 384, 384, 256, 256, 128, 256)
(5, 'arrival', 89, 200, 100, 300, 300, 200, 200, 300, 100, 300, 128, 384, 256, 256, 384, 384, 256, 128, 128)
(10, 'arrival', 88, 200, 100, 200, 300, 100, 300, 300, 100, 300, 384, 256, 384, 128, 128, 384, 128, 128, 256)
(15, 'arrival', 84, 100, 300, 300, 200, 300, 200, 200, 100, 100, 384, 256, 128, 128, 384, 128, 256, 128, 128)
(20, 'departure', 88)
(25, 'arrival', 95, 100, 100, 100, 100, 300, 200, 100, 100, 300, 256, 256, 256, 128, 384, 128, 384, 128, 128)
(30, 'departure', 95)
(35, 'arrival', 91, 200, 100, 100, 300, 300, 300, 100, 200, 300, 384, 128, 384, 128, 384, 128, 128, 128, 384)
(40, 'departure', 94)
(45, 'arrival', 87, 100, 200, 100, 300, 100, 200, 100, 300, 200, 256, 128, 384, 128, 256, 384, 128, 384, 384)
(50, 'arrival', 93, 200, 200, 300, 200, 200, 200, 100, 200, 200, 256, 128, 128, 384, 128, 384, 256, 384, 384)
(55, 'arrival', 90, 300, 300, 100, 300, 200, 200, 300, 300, 300, 256, 256, 384, 128, 128, 128, 128, 128, 384)
(60, 'arrival', 85, 300, 200, 200, 200, 200, 200, 200, 300, 200, 384, 256, 128, 128, 384, 128, 256, 128, 128)
(65, 'arrival', 86, 300, 200, 200, 100, 200, 100, 100, 100, 300, 128, 128, 256, 128, 128, 384, 256, 256, 128)
(70, 'arrival', 92, 100, 300, 300, 300, 100, 300, 300, 300, 100, 384, 256, 384, 384, 128, 256, 128, 128, 256)
(75, 'departure', 91)
(80, 'departure', 87)
(85, 'departure', 86)
(90, 'departure', 89)
(95, 'departure', 92)
(100, 'departure', 84)
(105, 'departure', 90)
(110, 'departure', 85)
(115, 'departure', 93)
