24
(0, 'arrival', 239, 200, 300, 300, 300, 100, 200, 300, 200, 100, 128, 256, 384, 128, 384, 128, 256, 128, 384)
(5, 'arrival', 234, 300, 300, 100, 200, 100, 200, 300, 100, 100, 128, 128, 128, 128, 256, 128, 256, 128, 128)
(10, 'arrival', 232, 100, 200, 100, 100, 200, 100, 300, 200, 200, 256, 256, 256, 128, 256, 128, 128, 384, 128)
(15, 'arrival', 233, 200, 100, 200, 200, 200, 300, 300, 100, 300, 384, 384, 128, 128, 128, 384, 384, 256, 256)
(20, 'arrival', 231, 100, 300, 300, 200, 300, 200, 100, 300, 100, 384, 128, 256, 256, 256, 256, 384, 128, 256)
(25, 'arrival', 229, 200, 300, 300, 300, 100, 300, 200, 200, 300, 256, 128, 384, 384, 256, 384, 128, 256, 384)
(30, 'arrival', 235, 300, 100, 200, 100, 200, 300, 100, 200, 300, 384, 384, 384, 128, 128, 384, 384, 384, 384)
(35, 'arrival', 228, 200, 100, 100, 200, 200, 300, 200, 100, 100, 384, 384, 128, 256, 128, 128, 384, 128, 384)
(40, 'arrival', 230, 200, 300, 300, 100, 200, 300, 300, 100, 100, 128, 256, 256, 384, 128, 384, 256, 256, 384)
(45, 'departure', 231)
(50, 'arrival', 237, 200, 300, 100, 200, 300, 100, 300, 300, 100, 256, 384, 128, 256, 384, 128, 384, 256, 128)
(55, 'arrival', 238, 300, 200, 200, 100, 200, 200, 300, 300, 300, 384, 384, 256, 256, 384, 384, 256, 256, 256)
(60, 'departure', 230)
(65, 'arrival', 236, 300, 300, 200, 100, 100, 300, 100, 300, 200, 128, 384, 256, 384, 128, 256, 256, 384, 256)
(70, 'departure', 229)
(75, 'departure', 239)
(80, 'departure', 236)
(85, 'departure', 228)
(90, 'departure', 237)
(95, 'departure', 233)
(100, 'departure', 238)
(105, 'departure', 235)
(110, 'departure', 232)
(115, 'departure', 234)
