24
(0, 'arrival', 487, 100, 300, 100, 200, 300, 100, 100, 100, 100, 128, 128, 384, 128, 384, 256, 256, 384, 384)
(5, 'arrival', 491, 200, 100, 100, 300, 300, 200, 300, 200, 300, 384, 128, 384, 128, 128, 128, 256, 256, 256)
(10, 'arrival', 480, 200, 200, 300, 200, 200, 300, 100, 200, 100, 384, 256, 256, 256, 384, 128, 384, 256, 256)
(15, 'arrival', 481, 300, 200, 200, 300, 300, 300, 200, 300, 100, 384, 256, 384, 256, 384, 128, 128, 128, 128)
(20, 'arrival', 485, 100, 300, 200, 100, 200, 300, 200, 100, 200, 128, 384, 256, 384, 128, 384, 384, 128, 384)
(25, 'arrival', 488, 200, 300, 200, 200, 100, 100, 300, 300, 200, 128, 384, 256, 384, 256, 256, 128, 256, 128)
(30, 'arrival', 489, 200, 300, 100, 100, 300, 100, 300, 100, 100, 256, 256, 256, 256, 256, 256, 128, 384, 384)
(35, 'arrival', 486, 200, 200, 100, 100, 300, 300, 100, 300, 300, 256, 256, 128, 128, 256, 128, 384, 384, 384)
(40, 'arrival', 484, 200, 100, 300, 300, 100, 100, 200, 100, 100, 128, 128, 256, 256, 384, 128, 384, 384, 256)
(45, 'arrival', 490, 100, 100, 300, 200, 100, 200, 300, 100, 100, 256, 128, 256, 256, 384, 256, 384, 256, 256)
(50, 'arrival', 483, 100, 100, 200, 100, 300, 300, 200, 100, 300, 384, 384, 128, 128, 128, 128, 384, 384, 384)
(55, 'arrival', 482, 100, 200, 300, 200, 300, 200, 300, 200, 200, 128, 128, 384, 384, 384, 128, 256, 256, 256)
(60, 'departure', 483)
(65, 'departure', 482)
(70, 'departure', 489)
(75, 'departure', 486)
(80, 'departure', 491)
(85, 'departure', 480)
(90, 'departure', 485)
(95, 'departure', 481)
(100, 'departure', 487)
(105, 'departure', 488)
(110, 'departure', 490)
(115, 'departure', 484)
